evlacertae.ecsv
# %ECSV 0.9
# ---
# datatype:
# - {name: Flare NO., datatype: string}
# - {name: HJD(MAX)_2440000., datatype: float64}
# - {name: Rise(S), datatype: float64}
# - {name: Decay(S), datatype: float64}
# - {name: Filter, datatype: string}
# - {name: I(max), datatype: float64}
# - {name: "I\u03C3/I", datatype: float64}
# - {name: E.D., datatype: float64}
# - {name: Log(A.E.), datatype: float64}
# - {name: Flare(B-V), datatype: float64}
# - {name: Star(U-B), datatype: float64}
# - {name: Flare Only(B-V), datatype: float64}
# - {name: Flare Only(U-B), datatype: float64}
# - {name: Notes, datatype: string}
# schema: astropy-2.0
"Flare NO." HJD(MAX)_2440000. Rise(S) Decay(S) Filter I(max) Iσ/I E.D. Log(A.E.) Flare(B-V) Star(U-B) "Flare Only(B-V)" "Flare Only(U-B)" Notes
1AP 1146.8396 725.8 198.7 V 0.06 0.06 10.07 31.0 0.0 0.0 0.0 0.0 2.0S
1AP 1146.8396 725.8 198.7 B 0.2 0.07 49.36 31.47 0.0 0.0 0.0 0.0 Slow
1AP 1146.8396 725.8 198.7 U 0.92 0.09 251.94 31.52 0.0 0.0 0.0 0.0 -
1AP 1146.8396 725.8 198.7 C 0.15 0.05 30.16 31.72 0.0 0.0 0.0 0.0 -
1B 1146.843096 103.3 1240.2 V 0.32 0.06 69.93 31.85 0.9 -0.5 0.1 -1.1 2.0S
1B 1146.843096 103.3 1240.2 B 0.95 0.07 249.66 32.17 0.01 0.01 0.0 0.0 Complex
1B 1146.843096 103.3 1240.2 U 5.37 0.09 1332.16 32.24 0.0 0.0 0.0 0.0 -
1B 1146.843096 103.3 1240.2 C 0.92 0.05 206.39 32.55 0.0 0.0 0.0 0.0 -
2 1151.803968 23.2 372.0 V 0.06 0.04 1.63 30.21 1.1 0.1 -0.6 -0.8 2.0S
2 1151.803968 23.2 372.0 B 0.32 0.04 13.21 30.89 0.03 0.03 0.0 0.0 "Multi Peak"
2 1151.803968 23.2 372.0 U 1.37 0.07 70.01 30.96 0.0 0.0 0.0 0.0 -
2 1151.803968 23.2 372.0 C 0.22 0.03 9.13 31.2 0.0 0.0 0.0 0.0 -
3A 1151.868902 77.9 475.0 V 0.21 0.05 16.18 31.21 1.0 -0.3 0.0 -1.0 2.0S
3A 1151.868902 77.9 475.0 B 0.65 0.04 47.87 31.45 0.01 0.03 0.0 0.0 Complex
3A 1151.868902 77.9 475.0 U 3.41 0.07 265.24 31.54 0.0 0.0 0.0 0.0 -
3A 1151.868902 77.9 475.0 C 0.61 0.03 44.52 31.89 0.0 0.0 0.0 0.0 -
3B 1151.874805 35.0 68.7 V 0.07 0.05 2.89 30.46 1.3 0.2 0.5 -1.1 2.0S
3B 1151.874805 35.0 68.7 B 0.15 0.04 6.9 30.61 0.03 0.18 0.0 0.0 Multi
3B 1151.874805 35.0 68.7 U 0.85 0.07 35.75 30.67 0.0 0.0 0.0 0.0 Peak
3B 1151.874805 35.0 68.7 C 0.11 0.03 5.54 30.98 0.0 0.0 0.0 0.0 -
3AB 1151.868902 77.9 1995.7 V 0.21 0.05 41.29 31.62 1.0 -0.3 0.0 -1.0 2.0S
3AB 1151.868902 77.9 1995.7 B 0.65 0.04 102.09 31.78 0.01 0.03 0.0 0.0 Complex
3AB 1151.868902 77.9 1995.7 U 3.41 0.07 485.5 31.8 0.0 0.0 0.0 0.0 -
3AB 1151.868902 77.9 1995.7 C 0.61 0.03 84.98 32.17 0.0 0.0 0.0 0.0 -
3CP 1151.893833 46.1 407.6 V 0.16 0.05 19.75 31.3 1.0 -0.3 0.0 -1.1 2.0S
3CP 1151.893833 46.1 407.6 B 0.52 0.04 48.1 31.46 0.01 0.05 0.0 0.0 "Mutli Peak"
3CP 1151.893833 46.1 407.6 U 2.93 0.07 243.75 31.5 0.0 0.0 0.0 0.0 -
3CP 1151.893833 46.1 407.6 C 0.47 0.03 44.65 31.89 0.0 0.0 0.0 0.0 -
3D 1151.89918 54.4 1626.1 V 0.2 0.05 54.79 31.74 1.1 -0.3 0.2 -1.1 2.0S
3D 1151.89918 54.4 1626.1 B 0.55 0.04 106.37 31.8 0.0 0.05 0.0 0.0 -
3D 1151.89918 54.4 1626.1 U 3.06 0.07 444.25 31.76 0.0 0.0 0.0 0.0 -
3D 1151.89918 54.4 1626.1 C 0.53 0.03 85.36 32.17 0.0 0.0 0.0 0.0 -
4 1183.869963 342.4 1592.0 V 0.17 0.05 0.0 0.0 1.1 -0.3 0.1 -1.2 Complex
4 1183.869963 342.4 1592.0 B 0.49 0.05 131.78 31.89 0.03 0.06 0.0 0.0 -
4 1183.869963 342.4 1592.0 U 3.15 0.12 1084.44 32.15 0.0 0.0 0.0 0.0 -
4 1183.869963 342.4 1592.0 SB 0.27 0.08 0.0 0.0 0.0 0.0 0.0 0.0 -
5 1190.692912 70.2 728.0 V 0.06 0.02 5.49 30.74 1.3 0.2 0.2 -1.2 208CM
5 1190.692912 70.2 728.0 B 0.16 0.03 14.54 30.94 0.01 0.03 0.0 0.0 "Multi Peak"
5 1190.692912 70.2 728.0 U 1.02 0.08 97.17 31.1 0.0 0.0 0.0 0.0 -
5 1190.692912 70.2 728.0 SV 0.29 0.07 26.25 0.0 0.0 0.0 0.0 0.0 -
6A 1190.731408 5.0 16.6 V 0.01 0.03 0.0 0.0 0.0 0.0 0.0 0.0 208CM
6A 1190.731408 5.0 16.6 B 0.02 0.03 0.0 0.0 0.0 2.36 0.0 0.0 Spike
6A 1190.731408 5.0 16.6 U 9.16 0.08 23.43 30.48 0.0 0.0 0.0 0.0 -
6A 1190.731408 5.0 16.6 SV 0.02 0.07 0.0 0.0 0.0 0.0 0.0 0.0 -
6B 1190.732102 43.4 103.5 V 0.01 0.03 0.0 0.0 0.0 0.0 0.0 0.0 208CM
6B 1190.732102 43.4 103.5 B 0.05 0.03 1.24 29.87 0.0 2.14 0.0 0.0 Spike
6B 1190.732102 43.4 103.5 U 10.38 0.08 54.72 30.85 0.0 0.0 0.0 0.0 -
6B 1190.732102 43.4 103.5 SV 0.1 0.07 4.49 0.0 0.0 0.0 0.0 0.0 -
6C 1190.735852 220.5 880.0 V 0.03 0.03 0.34 29.53 0.0 0.0 0.0 0.0 208CM
6C 1190.735852 220.5 880.0 B 0.08 0.03 26.18 31.19 0.0 1.98 0.0 0.0 Complex
6C 1190.735852 220.5 880.0 U 10.52 0.08 308.46 31.6 0.0 0.0 0.0 0.0 -
6C 1190.735852 220.5 880.0 SV 0.16 0.07 60.09 0.0 0.0 0.0 0.0 0.0 -
7AP 1192.70423 37.2 256.6 V 0.05 0.04 4.43 30.65 0.0 0.0 0.0 0.0 Slow
7AP 1192.70423 37.2 256.6 B 0.08 0.04 8.32 30.69 0.0 0.0 0.0 0.0 -
7AP 1192.70423 37.2 256.6 U 0.44 0.14 51.59 30.83 0.0 0.0 0.0 0.0 -
7AP 1192.70423 37.2 256.6 SV 0.65 0.13 18.39 0.0 0.0 0.0 0.0 0.0 -
7B 1192.707517 27.4 387.3 V 0.08 0.04 8.7 30.94 1.2 0.1 0.0 -1.1 Multi
7B 1192.707517 27.4 387.3 B 0.25 0.04 21.02 31.1 0.04 0.05 0.0 0.0 Peak
7B 1192.707517 27.4 387.3 U 1.37 0.14 104.03 31.13 0.0 0.0 0.0 0.0 -
7B 1192.707517 27.4 387.3 SV 0.47 0.13 38.79 0.0 0.0 0.0 0.0 0.0 -
8 1255.659645 29.8 160.3 B 0.43 0.12 18.1 31.03 0.0 0.0 0.0 0.0 ".1S Multi"
9 1260.6661 51.8 596.2 U 12.33 0.29 2379.36 32.49 0.0 0.0 0.0 0.0 .25S
10AP 1260.7085 63.9 337.0 V 0.05 0.06 4.85 30.69 0.0 0.5 0.0 -0.2 -
10AP 1260.7085 63.9 337.0 B 0.18 0.05 4.94 30.47 0.12 0.01 0.0 0.0 -
10AP 1260.7085 63.9 337.0 U 0.46 0.19 22.38 30.46 0.0 0.0 0.0 0.0 -
10AP 1260.7085 63.9 337.0 3370A 1.01 1.22 0.0 0.0 0.0 0.0 0.0 0.0 -
10B 1260.71915 110.2 280.8 V 0.03 0.06 0.0 0.0 0.0 0.0 0.0 0.0 "Slow Rise"
10B 1260.71915 110.2 280.8 B 0.11 0.05 7.19 30.63 0.0 0.0 0.0 0.0 0
10B 1260.71915 110.2 280.8 U 0.6 0.19 77.54 31.0 0.0 0.0 0.0 0.0 -
10B 1260.71915 110.2 280.8 3370A 1.73 1.22 35.54 0.0 0.0 0.0 0.0 0.0 -
11 1604.6229 77.8 699.8 U 0.4 0.16 93.76 31.09 0.0 0.0 0.0 0.0 -
12A 1607.640704 56.0 500.0 V 0.1 0.07 4.81 30.68 1.2 0.1 0.2 -1.0 76CM
12A 1607.640704 56.0 500.0 B 0.26 0.06 38.52 31.36 0.02 0.02 0.0 0.0 Multi
12A 1607.640704 56.0 500.0 U 1.3 0.17 199.69 31.41 0.0 0.0 0.0 0.0 Peak
12A 1607.640704 56.0 500.0 C 0.25 0.04 33.36 31.76 0.0 0.0 0.0 0.0 -
12B 1607.647626 98.1 57.9 V 0.03 0.07 0.0 0.0 0.0 0.0 0.0 0.0 76CM
12B 1607.647626 98.1 57.9 B 0.06 0.06 1.57 29.97 0.0 0.0 0.0 0.0 -
12B 1607.647626 98.1 57.9 U 0.35 0.17 15.57 30.31 0.0 0.0 0.0 0.0 -
12B 1607.647626 98.1 57.9 C 0.04 0.04 1.47 30.4 0.0 0.0 0.0 0.0 -
