yzcanisminoris.ecsv
# %ECSV 0.9
# ---
# datatype:
# - {name: Flare NO., datatype: string}
# - {name: HJD(MAX)_2440000., datatype: float64}
# - {name: Rise(S), datatype: float64}
# - {name: Decay(S), datatype: float64}
# - {name: Filter, datatype: string}
# - {name: I(max), datatype: float64}
# - {name: "I\u03C3/I", datatype: float64}
# - {name: E.D., datatype: float64}
# - {name: Log(A.E.), datatype: float64}
# - {name: Flare(B-V), datatype: float64}
# - {name: Star(U-B), datatype: float64}
# - {name: Flare Only(B-V), datatype: float64}
# - {name: Flare Only(U-B), datatype: float64}
# - {name: Notes, datatype: string}
# schema: astropy-2.0
"Flare NO." HJD(MAX)_2440000. Rise(S) Decay(S) Filter I(max) Iσ/I E.D. Log(A.E.) Flare(B-V) Star(U-B) "Flare Only(B-V)" "Flare Only(U-B)" Notes
1 1305.873443 12.4 82.7 B 0.17 0.07 6.02 30.15 0.0 0.0 0.0 0.0 "272CM .1s"
2 1305.91149 76.9 372.4 V 0.03 0.03 0.86 39.62 1.6 0.6 0.8 -1.3 272CM
2 1305.91149 76.9 372.4 B 0.6 0.03 6.16 30.16 0.03 0.01 0.0 0.0 Complex
2 1305.91149 76.9 372.4 U 0.51 0.07 52.79 30.32 0.0 0.0 0.0 0.0 -
2 1305.91149 76.9 372.4 SV 0.13 0.07 9.38 0.0 0.0 0.0 0.0 0.0 -
3A 1322.702532 63.2 97.5 V 0.08 0.1 4.33 30.32 0.0 0.0 0.0 0.0 Multi
3A 1322.702532 63.2 97.5 B 0.05 0.09 0.1 28.37 0.03 0.43 0.0 0.0 Peak
3A 1322.702532 63.2 97.5 U 0.57 0.29 22.6 29.96 0.0 0.0 0.0 0.0 -
3A 1322.702532 63.2 97.5 SV 1.43 0.37 45.54 0.0 0.0 0.0 0.0 0.0 -
3B 1322.7062 30.2 50.1 V 0.21 0.1 3.84 30.27 0.0 0.0 0.0 0.0 Complex
3B 1322.7062 30.2 50.1 B 0.06 0.09 0.0 0.0 0.16 0.62 0.0 0.0 -
3B 1322.7062 30.2 50.1 U 0.9 0.29 21.72 29.94 0.0 0.0 0.0 0.0 -
3B 1322.7062 30.2 50.1 SV 1.69 0.37 36.0 0.0 0.0 0.0 0.0 0.0 -
3C 1322.707393 8.0 43.8 V 0.1 0.1 1.33 29.81 0.0 0.0 0.0 0.0 Spike
3C 1322.707393 8.0 43.8 B 0.0 0.09 0.0 0.0 0.0 0.0 0.0 0.0 -
3C 1322.707393 8.0 43.8 U 0.79 0.29 5.27 29.32 0.0 0.0 0.0 0.0 -
3C 1322.707393 8.0 43.8 SV 0.45 0.37 11.35 0.0 0.0 0.0 0.0 0.0 -
4 1323.733078 32.7 442.5 B 0.63 0.07 65.5 31.18 0.0 0.0 0.0 0.0 Complex
5AP 1323.747389 16.3 70.1 V 0.08 0.09 0.0 0.0 0.0 0.6 0.0 -0.6 -
5AP 1323.747389 16.3 70.1 B 0.14 0.09 0.0 0.0 0.0 0.02 0.0 0.0 -
5AP 1323.747389 16.3 70.1 U 0.62 0.46 14.79 29.77 0.0 0.0 0.0 0.0 -
5AP 1323.747389 16.3 70.1 SV 0.37 0.5 0.0 0.0 0.0 0.0 0.0 0.0 -
5B 1323.755723 36.5 13.1 V 0.23 0.09 3.44 30.22 1.3 -0.1 0.4 -0.8 Complex
5B 1323.755723 36.5 13.1 B 0.64 0.09 12.04 30.45 0.04 0.12 0.0 0.0 -
5B 1323.755723 36.5 13.1 U 3.56 0.46 76.47 30.49 0.0 0.0 0.0 0.0 -
5B 1323.755723 36.5 13.1 SV 1.48 0.5 19.22 0.0 0.0 0.0 0.0 0.0 -
5C 1323.756093 18.8 23.9 V 0.37 0.09 12.24 30.77 1.0 -0.4 0.1 -0.8 Complex
5C 1323.756093 18.8 23.9 B 1.31 0.09 45.88 31.03 0.03 0.04 0.0 0.0 -
5C 1323.756093 18.8 23.9 U 7.46 0.46 250.48 31.0 0.0 0.0 0.0 0.0 -
5C 1323.756093 18.8 23.9 SV 2.4 0.5 83.81 0.0 0.0 0.0 0.0 0.0 -
5D 1323.757019 56.1 356.0 V 0.43 0.09 71.77 31.54 1.1 -0.4 0.4 -0.9 Complex
5D 1323.757019 56.1 356.0 B 1.19 0.09 217.54 31.7 0.13 0.01 0.0 0.0 -
5D 1323.757019 56.1 356.0 U 7.02 0.46 1175.31 31.67 0.0 0.0 0.0 0.0 -
5D 1323.757019 56.1 356.0 SV 3.18 0.5 357.22 0.0 0.0 0.0 0.0 0.0 -
6 1338.769356 86.9 418.5 V 0.07 0.08 0.0 0.0 0.0 0.6 0.0 -0.8 Complex
6 1338.769356 86.9 418.5 B 0.12 0.06 11.34 30.42 0.0 0.06 0.0 0.0 -
6 1338.769356 86.9 418.5 U 0.66 0.28 69.82 30.45 0.0 0.0 0.0 0.0 -
6 1338.769356 86.9 418.5 SB 1.25 0.95 42.04 0.0 0.0 0.0 0.0 0.0 -
7 1348.721174 36.6 741.0 V 0.07 0.07 2.63 30.1 1.5 0.3 0.5 -1.1 Complex
7 1348.721174 36.6 741.0 B 0.17 0.1 24.49 30.75 0.01 0.04 0.0 0.0 -
7 1348.721174 36.6 741.0 U 1.26 0.42 214.82 30.93 0.0 0.0 0.0 0.0 -
7 1348.721174 36.6 741.0 HBETA 0.43 0.42 70.15 0.0 0.0 0.0 0.0 0.0 -
8 1348.757239 35.8 212.6 V 0.05 0.09 0.23 29.05 0.0 0.5 0.0 -0.9 -
8 1348.757239 35.8 212.6 B 0.14 0.09 5.48 30.1 0.0 0.07 0.0 0.0 -
8 1348.757239 35.8 212.6 U 0.88 0.48 42.7 30.23 0.0 0.0 0.0 0.0 -
8 1348.757239 35.8 212.6 HBETA 0.42 0.39 15.14 0.0 0.0 0.0 0.0 0.0 -
9 1348.769184 10.7 260.6 V 0.08 0.08 2.14 30.01 1.5 0.5 0.8 -0.9 -
9 1348.769184 10.7 260.6 B 0.16 0.08 7.59 30.25 0.14 0.04 0.0 0.0 -
9 1348.769184 10.7 260.6 U 0.94 0.48 53.9 30.33 0.0 0.0 0.0 0.0 -
9 1348.769184 10.7 260.6 HBETA 0.27 0.39 13.4 0.0 0.0 0.0 0.0 0.0 -
10A 1369.771799 25.8 216.6 C 0.08 0.04 4.42 30.52 0.0 0.0 0.0 0.0 "Multi Peak"
10B 1369.780999 120.9 285.2 C 0.1 0.04 8.01 30.78 0.0 0.0 0.0 0.0 "Multi Peak"
10C 1369.786185 41.9 329.6 C 0.12 0.05 8.07 30.79 0.0 0.0 0.0 0.0 Complex
11 1370.816895 120.5 400.0 V 0.17 0.08 9.25 30.65 1.2 0.0 0.1 -0.7 -
11 1370.816895 120.5 400.0 B 0.62 0.09 44.53 31.01 0.0 0.05 0.0 0.0 -
11 1370.816895 120.5 400.0 U 3.05 0.24 227.8 30.96 0.0 0.0 0.0 0.0 -
11 1370.816895 120.5 400.0 HBETA 0.58 0.35 65.79 0.0 0.0 0.0 0.0 0.0 -
12 1373.79259 171.9 740.0 V 0.12 0.11 9.12 30.64 1.4 0.1 0.3 -0.8 Complex
12 1373.79259 171.9 740.0 B 0.37 0.16 51.75 31.08 0.01 0.03 0.0 0.0 -
12 1373.79259 171.9 740.0 U 2.13 0.48 289.17 31.06 0.0 0.0 0.0 0.0 -
12 1373.79259 171.9 740.0 HBETA 0.6 0.42 88.07 0.0 0.0 0.0 0.0 0.0 -
13 1375.629641 25.1 464.0 V 0.08 0.08 3.97 30.28 1.5 0.4 0.6 -1.0 -
13 1375.629641 25.1 464.0 B 0.19 0.11 19.64 30.63 0.05 0.02 0.0 0.0 -
13 1375.629641 25.1 464.0 U 1.22 0.51 163.78 30.82 0.0 0.0 0.0 0.0 -
13 1375.629641 25.1 464.0 HBETA 0.44 0.43 30.25 0.0 0.0 0.0 0.0 0.0 -
14A 1375.816855 92.0 124.0 V 0.11 0.08 2.79 30.13 1.4 0.5 0.4 -0.4 -
14A 1375.816855 92.0 124.0 B 0.31 0.14 19.35 30.65 0.02 0.0 0.0 0.0 -
14A 1375.816855 92.0 124.0 U 1.21 0.46 68.36 30.44 0.0 0.0 0.0 0.0 -
14A 1375.816855 92.0 124.0 HBETA 0.44 0.35 28.45 0.0 0.0 0.0 0.0 0.0 -
14B 1375.821531 28.0 75.1 V 0.16 0.08 9.8 30.68 1.4 0.4 0.5 -0.4 -
14B 1375.821531 28.0 75.1 B 0.39 0.14 41.52 30.98 0.03 0.04 0.0 0.0 -
14B 1375.821531 28.0 75.1 U 1.52 0.46 113.98 30.66 0.0 0.0 0.0 0.0 -
14B 1375.821531 28.0 75.1 HBETA 0.57 0.35 33.08 0.0 0.0 0.0 0.0 0.0 -
15 1377.657695 12.5 333.1 V 0.13 0.07 7.49 30.56 1.3 -0.2 0.1 -1.2 Spike
15 1377.657695 12.5 333.1 B 0.47 0.09 20.75 30.68 0.07 0.05 0.0 0.0 -
15 1377.657695 12.5 333.1 U 3.71 0.52 142.85 30.76 0.0 0.0 0.0 0.0 -
15 1377.657695 12.5 333.1 HBETA 0.47 0.43 7.41 0.0 0.0 0.0 0.0 0.0 -
16 1381.631524 45.3 334.9 V 0.06 0.06 2.21 30.03 0.0 0.0 0.0 0.0 "Slow Rise"
16 1381.631524 45.3 334.9 B 0.08 0.07 6.17 30.16 0.0 0.0 0.0 0.0 -
16 1381.631524 45.3 334.9 U 0.34 0.22 49.66 30.3 0.0 0.0 0.0 0.0 -
16 1381.631524 45.3 334.9 3600A 1.31 0.94 53.86 0.0 0.0 0.0 0.0 0.0 -
17 1381.68203 43.2 206.9 V 0.05 0.07 0.94 29.66 0.0 0.6 0.0 -1.0 -
17 1381.68203 43.2 206.9 B 0.08 0.06 3.68 29.93 0.0 0.03 0.0 0.0 -
17 1381.68203 43.2 206.9 U 0.52 0.2 26.07 30.02 0.0 0.0 0.0 0.0 -
17 1381.68203 43.2 206.9 3600A 1.0 1.13 20.73 0.0 0.0 0.0 0.0 0.0 -
18 1381.7444 39.7 574.6 V 0.06 0.07 1.59 29.89 0.0 0.0 0.0 0.0 -
18 1381.7444 39.7 574.6 B 0.08 0.07 5.2 30.08 0.0 0.0 0.0 0.0 -
18 1381.7444 39.7 574.6 U 0.34 0.22 46.75 30.27 0.0 0.0 0.0 0.0 -
19A 1382.742778 30.5 34.7 V 0.06 0.11 0.0 0.0 0.0 0.5 0.0 -1.2 Multi
19A 1382.742778 30.5 34.7 B 0.1 0.07 2.44 29.75 0.0 0.05 0.0 0.0 -
19A 1382.742778 30.5 34.7 U 0.82 0.23 20.47 29.91 0.0 0.0 0.0 0.0 -
19A 1382.742778 30.5 34.7 3600A 1.55 0.98 28.9 0.0 0.0 0.0 0.0 0.0 -
19B 1382.744 70.8 2134.1 V 0.1 0.11 11.31 30.74 0.0 0.0 0.0 0.0 Slow
19B 1382.744 70.8 2134.1 B 0.08 0.07 29.38 30.83 0.0 0.0 0.0 0.0 -
19B 1382.744 70.8 2134.1 U 0.63 0.23 225.71 30.96 0.0 0.0 0.0 0.0 -
19B 1382.744 70.8 2134.1 3600A 29.86 0.98 376.08 0.0 0.0 0.0 0.0 0.0 -
19CP 1382.774954 20.2 99.0 V 0.08 0.11 6.7 30.51 0.0 0.0 0.0 0.0 -
19CP 1382.774954 20.2 99.0 B 0.08 0.07 19.59 30.66 0.0 0.0 0.0 0.0 -
19CP 1382.774954 20.2 99.0 U 0.49 0.23 171.1 30.84 0.0 0.0 0.0 0.0 -
19CP 1382.774954 20.2 99.0 3600A 2.84 0.98 124.28 0.0 0.0 0.0 0.0 0.0 -
19DP 1382.776204 9.0 19.1 V 0.06 0.11 0.0 0.0 0.0 0.6 0.0 -1.1 -
19DP 1382.776204 9.0 19.1 B 0.07 0.07 0.77 29.95 0.0 0.14 0.0 0.0 -
19DP 1382.776204 9.0 19.1 U 0.52 0.23 14.4 29.76 0.0 0.0 0.0 0.0 -
19DP 1382.776204 9.0 19.1 3600A 0.52 0.98 0.0 0.0 0.0 0.0 0.0 0.0 -
19E 1382.776713 24.9 240.8 V 0.06 0.11 2.04 29.99 0.0 0.2 0.0 -1.0 -
19E 1382.776713 24.9 240.8 B 0.26 0.07 3.64 29.93 0.0 0.04 0.0 0.0 -
19E 1382.776713 24.9 240.8 U 1.74 0.23 50.33 30.3 0.0 0.0 0.0 0.0 -
19E 1382.776713 24.9 240.8 3600A 1.44 0.98 0.0 0.0 0.0 0.0 0.0 0.0 -
20AP 1382.807159 22.4 11.5 V 0.07 0.07 2.23 30.03 0.0 0.4 0.0 -1.2 -
20AP 1382.807159 22.4 11.5 B 0.12 0.08 4.97 30.06 0.0 0.01 0.0 0.0 -
20AP 1382.807159 22.4 11.5 U 0.99 0.4 46.29 30.27 0.0 0.0 0.0 0.0 -
20AP 1382.807159 22.4 11.5 3600A 2.43 1.06 71.87 0.0 0.0 0.0 0.0 0.0 -
20BP 1382.808779 28.4 261.0 V 0.06 0.07 0.0 0.0 0.0 0.6 0.0 -1.1 -
20BP 1382.808779 28.4 261.0 B 0.07 0.08 3.18 29.87 0.0 0.01 0.0 0.0 -
20BP 1382.808779 28.4 261.0 U 0.52 0.4 55.03 30.34 0.0 0.0 0.0 0.0 -
20BP 1382.808779 28.4 261.0 3600A 1.37 1.06 63.51 0.0 0.0 0.0 0.0 0.0 -
20C 1382.812483 59.0 57.6 V 0.37 0.07 21.54 31.02 1.0 -0.5 0.1 -1.0 Complex
20C 1382.812483 59.0 57.6 B 1.26 0.08 76.85 31.25 0.01 0.07 0.0 0.0 -
20C 1382.812483 59.0 57.6 U 8.39 0.4 540.55 31.34 0.0 0.0 0.0 0.0 -
20C 1382.812483 59.0 57.6 3600A 6.63 1.06 435.0 0.0 0.0 0.0 0.0 0.0 -
20D 1382.813733 50.4 161.3 V 0.45 0.07 46.13 31.35 0.9 -0.6 0.1 -1.0 Complex
20D 1382.813733 50.4 161.3 B 1.59 0.08 161.38 31.57 0.01 0.02 0.0 0.0 -
20D 1382.813733 50.4 161.3 U 10.78 0.4 1142.52 31.66 0.0 0.0 0.0 0.0 -
20D 1382.813733 50.4 161.3 3600A 8.47 1.06 912.25 0.0 0.0 0.0 0.0 0.0 -
20E 1382.815909 26.7 1388.0 V 0.22 0.07 77.72 31.57 1.2 -0.3 0.1 -1.0 Complex
20E 1382.815909 26.7 1388.0 B 0.75 0.08 318.3 31.87 0.02 0.09 0.0 0.0 -
20E 1382.815909 26.7 1388.0 U 5.1 0.4 2530.09 32.01 0.0 0.0 0.0 0.0 -
20E 1382.815909 26.7 1388.0 3600A 4.55 1.06 1288.46 0.0 0.0 0.0 0.0 0.0 -
21 1383.628965 14.3 416.0 V 0.12 0.07 0.0 0.0 0.0 0.3 0.0 -1.0 Spike
21 1383.628965 14.3 416.0 B 0.21 0.07 2.89 29.83 0.0 0.12 0.0 0.0 -
21 1383.628965 14.3 416.0 U 1.46 0.23 22.31 29.95 0.0 0.0 0.0 0.0 -
21 1383.628965 14.3 416.0 3600A 1.65 1.08 26.16 0.0 0.0 0.0 0.0 0.0 -
22A 1383.69043 51.8 25.1 V 0.05 0.07 1.58 29.88 0.0 0.5 0.0 -0.9 -
22A 1383.69043 51.8 25.1 B 0.16 0.07 5.26 30.09 0.0 0.05 0.0 0.0 -
22A 1383.69043 51.8 25.1 U 0.95 0.18 39.89 30.2 0.0 0.0 0.0 0.0 -
22A 1383.69043 51.8 25.1 3600A 1.42 1.07 45.96 0.0 0.0 0.0 0.0 0.0 -
22B 1383.691588 75.0 493.5 V 0.07 0.07 3.74 30.26 1.5 0.5 0.7 -0.8 Complex
22B 1383.691588 75.0 493.5 B 0.15 0.07 17.05 30.6 0.03 0.07 0.0 0.0 -
22B 1383.691588 75.0 493.5 U 0.86 0.18 114.75 30.66 0.0 0.0 0.0 0.0 -
22B 1383.691588 75.0 493.5 3600A 2.03 1.07 154.8 0.0 0.0 0.0 0.0 0.0 -
22CP 1383.707 207.4 86.4 V 0.06 0.07 0.76 29.57 0.0 0.0 0.0 0.0 Slow
22CP 1383.707 207.4 86.4 B 0.07 0.07 5.74 30.12 0.0 0.0 0.0 0.0 -
22CP 1383.707 207.4 86.4 U 0.45 0.18 44.25 30.25 0.0 0.0 0.0 0.0 -
22CP 1383.707 207.4 86.4 3600A 1.27 1.07 56.02 0.0 0.0 0.0 0.0 0.0 -
22D 1383.711634 13.7 226.0 V 0.09 0.07 0.0 0.0 0.0 -0.1 0.0 -0.9 Spike
22D 1383.711634 13.7 226.0 B 0.49 0.07 1.77 29.61 0.0 0.03 0.0 0.0 -
22D 1383.711634 13.7 226.0 U 3.09 0.18 53.86 30.33 0.0 0.0 0.0 0.0 -
22D 1383.711634 13.7 226.0 3600A 3.75 1.07 64.8 0.0 0.0 0.0 0.0 0.0 -
22E 1383.715754 39.2 204.9 V 0.05 0.07 0.0 0.0 0.0 0.3 0.0 -1.5 Complex
22E 1383.715754 39.2 204.9 B 0.11 0.07 7.29 30.23 0.0 0.03 0.0 0.0 -
22E 1383.715754 39.2 204.9 U 1.14 0.18 79.17 30.5 0.0 0.0 0.0 0.0 -
22E 1383.715754 39.2 204.9 3600A 1.95 1.07 87.49 0.0 0.0 0.0 0.0 0.0 -
22F 1383.718625 43.2 136.0 V 0.06 0.07 0.0 0.0 0.0 0.5 0.0 -0.9 Multi
22F 1383.718625 43.2 136.0 B 0.16 0.07 7.83 30.26 0.0 0.01 0.0 0.0 Peak
22F 1383.718625 43.2 136.0 U 0.93 0.18 76.54 30.49 0.0 0.0 0.0 0.0 -
22F 1383.718625 43.2 136.0 3600A 1.35 1.07 66.88 0.0 0.0 0.0 0.0 0.0 -
23 1384.63829 56.2 95.9 V 0.06 0.07 1.18 29.76 0.0 0.4 0.0 -1.3 Multi
23 1384.63829 56.2 95.9 B 0.11 0.07 3.79 29.94 0.0 0.07 0.0 0.0 Peak
23 1384.63829 56.2 95.9 U 1.0 0.24 26.2 30.02 0.0 0.0 0.0 0.0 -
23 1384.63829 56.2 95.9 3600A 1.61 1.14 29.5 0.0 0.0 0.0 0.0 0.0 -
24A 1385.609804 26.3 232.9 V 0.08 0.07 3.21 30.19 1.5 0.3 0.7 -1.2 -
24A 1385.609804 26.3 232.9 B 0.17 0.07 5.4 30.1 0.01 0.02 0.0 0.0 -
24A 1385.609804 26.3 232.9 U 1.32 0.26 51.13 30.31 0.0 0.0 0.0 0.0 -
24A 1385.609804 26.3 232.9 3600A 2.47 1.3 72.83 0.0 0.0 0.0 0.0 0.0 -
24B 1385.612582 7.1 295.3 V 0.04 0.07 1.29 29.79 0.0 0.0 0.0 0.0 -
24B 1385.612582 7.1 295.3 B 0.05 0.07 0.79 29.26 0.0 0.0 0.0 0.0 -
24B 1385.612582 7.1 295.3 U 0.47 0.26 10.2 29.61 0.0 0.0 0.0 0.0 -
24B 1385.612582 7.1 295.3 3600A 1.45 1.3 62.84 0.0 0.0 0.0 0.0 0.0 -
24C 1385.61948 21.6 485.6 V 0.12 0.07 2.97 30.16 0.0 0.0 0.0 0.0 Complex
24C 1385.61948 21.6 485.6 B 0.09 0.07 1.4 29.51 0.0 0.0 0.0 0.0 -
24C 1385.61948 21.6 485.6 U 0.49 0.26 37.68 30.18 0.0 0.0 0.0 0.0 -
24C 1385.61948 21.6 485.6 3600A 1.92 1.3 107.6 0.0 0.0 0.0 0.0 0.0 -
25AP 1385.74829 452.7 406.9 V 0.1 0.07 6.44 30.49 0.0 0.0 0.0 0.0 Slow
25AP 1385.74829 452.7 406.9 B 0.69 0.08 18.79 30.64 0.0 0.0 0.0 0.0 -
25AP 1385.74829 452.7 406.9 U 0.59 0.25 191.48 30.88 0.0 0.0 0.0 0.0 -
25AP 1385.74829 452.7 406.9 3600A 95.26 1.06 621.01 0.0 0.0 0.0 0.0 0.0 -
25B 1385.753382 33.0 960.6 V 0.1 0.07 9.68 30.67 1.5 0.3 1.1 -1.2 Spike
25B 1385.753382 33.0 960.6 B 0.15 0.08 7.7 30.25 0.05 0.07 0.0 0.0 -
25B 1385.753382 33.0 960.6 U 1.17 0.25 75.97 30.48 0.0 0.0 0.0 0.0 -
25B 1385.753382 33.0 960.6 3600A 1.67 1.06 25.0 0.0 0.0 0.0 0.0 0.0 -
25C 1385.765466 83.5 927.9 V 0.08 0.07 9.59 30.67 0.0 0.0 0.0 0.0 -
25C 1385.765466 83.5 927.9 B 0.07 0.08 2.15 29.7 0.0 0.0 0.0 0.0 -
25C 1385.765466 83.5 927.9 U 0.48 0.25 75.96 30.48 0.0 0.0 0.0 0.0 -
25C 1385.765466 83.5 927.9 3600A 1.44 1.06 9.46 0.0 0.0 0.0 0.0 0.0 -
26 1386.6459 172.8 1531.9 V 1.06 0.06 117.55 31.75 0.5 -0.7 0.0 -0.9 -
26 1386.6459 172.8 1531.9 B 3.99 0.06 317.61 31.87 0.04 0.07 0.0 0.0 -
26 1386.6459 172.8 1531.9 U 23.89 0.21 1681.65 31.83 0.0 0.0 0.0 0.0 -
26 1386.6459 172.8 1531.9 3600A 24.76 1.07 1789.23 0.0 0.0 0.0 0.0 0.0 -
27 1394.599569 18.9 106.4 B 0.32 0.13 4.04 29.97 0.0 0.0 0.0 0.0 "208CM .05S"
28A 1394.626599 23.7 276.6 V 0.04 0.03 1.63 29.9 1.6 0.7 0.8 -0.7 208CM
28A 1394.626599 23.7 276.6 B 0.08 0.05 1.67 29.59 0.03 0.03 0.0 0.0 Multi
28A 1394.626599 23.7 276.6 U 0.42 0.09 22.56 29.96 0.0 0.0 0.0 0.0 Peak
28A 1394.626599 23.7 276.6 SV 0.13 0.1 8.24 0.0 0.0 0.0 0.0 0.0 -
28B 1394.631784 50.5 191.5 V 0.03 0.03 0.0 0.0 0.0 0.9 0.0 -0.2 208CM
28B 1394.631784 50.5 191.5 B 0.07 0.05 6.53 30.18 0.0 0.03 0.0 0.0 -
28B 1394.631784 50.5 191.5 U 0.21 0.09 10.55 29.63 0.0 0.0 0.0 0.0 -
28B 1394.631784 50.5 191.5 SV 0.11 0.1 4.66 0.0 0.0 0.0 0.0 0.0 -
29 1394.641923 127.3 365.2 V 0.03 0.03 1.41 29.83 1.5 0.7 0.2 -0.6 208CM
29 1394.641923 127.3 365.2 B 0.1 0.05 6.99 30.21 0.02 0.05 0.0 0.0 Slow
29 1394.641923 127.3 365.2 U 0.44 0.09 47.65 30.28 0.0 0.0 0.0 0.0 -
29 1394.641923 127.3 365.2 SV 0.14 0.1 14.72 0.0 0.0 0.0 0.0 0.0 -
30 1394.651553 27.9 86.1 V 0.01 0.03 0.0 0.0 0.0 0.0 0.0 0.0 208CM
30 1394.651553 27.9 86.1 B 0.07 0.05 2.85 29.82 0.0 0.0 0.0 0.0 -
30 1394.651553 27.9 86.1 U 0.25 0.09 1.23 28.69 0.0 0.0 0.0 0.0 -
30 1394.651553 27.9 86.1 SV 0.1 0.1 0.14 0.0 0.0 0.0 0.0 0.0 -
31 1394.65947 47.5 150.3 V 0.02 0.03 0.0 0.0 0.0 0.8 0.0 -0.9 208CM
31 1394.65947 47.5 150.3 B 0.05 0.05 1.13 29.42 0.0 0.0 0.0 0.0 Flat
31 1394.65947 47.5 150.3 U 0.31 0.09 16.61 29.82 0.0 0.0 0.0 0.0 Top
31 1394.65947 47.5 150.3 SV 0.13 0.1 1.45 0.0 0.0 0.0 0.0 0.0 -
32 1603.970928 19.7 179.0 C 0.13 0.06 4.68 30.55 0.0 0.0 0.0 0.0 76CM
33AP 1604.940117 100.0 40.0 C 0.07 0.05 1.75 30.12 0.0 0.0 0.0 0.0 76CM
33BP 1604.941078 43.0 157.0 C 0.07 0.05 3.14 30.38 0.0 0.0 0.0 0.0 76CM
33C 1604.948937 10.0 30.0 C 0.13 0.05 3.52 30.42 0.0 0.0 0.0 0.0 76CM
34 1604.96722 27.6 106.3 C 0.1 0.06 2.67 30.3 0.0 0.0 0.0 0.0 76CM
35 1607.880512 0.0 0.0 C 0.0 0.0 0.0 0.0 0.0 0.0 0.0 0.0 "See Note8"
36 1607.887688 0.0 0.0 C 0.0 0.0 0.0 0.0 0.0 0.0 0.0 0.0 "See Note8"
