Data/cnleonis.ecsv
# %ECSV 0.9
# ---
# datatype:
# - {name: Flare NO., datatype: string}
# - {name: HJD(MAX)_2440000., datatype: float64}
# - {name: Rise(S), datatype: float64}
# - {name: Decay(S), datatype: float64}
# - {name: Filter, datatype: string}
# - {name: I(max), datatype: float64}
# - {name: "I\u03C3/I", datatype: float64}
# - {name: E.D., datatype: float64}
# - {name: Log(A.E.), datatype: float64}
# - {name: Flare(B-V), datatype: float64}
# - {name: Star(U-B), datatype: float64}
# - {name: Flare Only(B-V), datatype: float64}
# - {name: Flare Only(U-B), datatype: float64}
# - {name: Notes, datatype: string}
# schema: astropy-2.0
"Flare NO." HJD(MAX)_2440000. Rise(S) Decay(S) Filter I(max) Iσ/I E.D. Log(A.E.) Flare(B-V) Star(U-B) "Flare Only(B-V)" "Flare Only(U-B)" Notes
[from data line 232]
48B 1394.882013 18.4 219.2 B 0.22 0.13 10.54 28.52 0.0 0.09 0.0 0.0 Flare
48B 1394.882013 18.4 219.2 U 2.91 0.87 93.85 28.49 0.0 0.0 0.0 0.0 -
48B 1394.882013 18.4 219.2 SV 0.7 0.7 37.04 0.0 0.0 0.0 0.0 0.0 -
48C 1394.884698 12.8 237.8 V 0.06 0.09 0.0 0.0 0.0 0.8 0.0 -0.5 -
48C 1394.884698 12.8 237.8 B 0.2 0.13 3.15 28.0 0.0 0.07 0.0 0.0 -
48C 1394.884698 12.8 237.8 U 1.43 0.87 33.87 28.05 0.0 0.0 0.0 0.0 -
48C 1394.884698 12.8 237.8 SV 0.7 0.7 5.79 0.0 0.0 0.0 0.0 0.0 -
48D 1394.88905 47.5 13.0 V 0.03 0.09 0.0 0.0 0.0 0.0 0.0 0.0 Multi
48D 1394.88905 47.5 13.0 B 0.11 0.13 1.6 27.7 0.0 0.0 0.0 0.0 Peak
48D 1394.88905 47.5 13.0 U 0.94 0.87 17.44 27.76 0.0 0.0 0.0 0.0 -
48D 1394.88905 47.5 13.0 SV 0.72 0.7 1.73 0.0 0.0 0.0 0.0 0.0 -
48E 1394.88979 12.1 139.1 V 0.09 0.09 0.84 27.9 0.0 0.5 0.0 -1.4 Spike
48E 1394.88979 12.1 139.1 B 0.13 0.13 5.37 28.23 0.0 0.05 0.0 0.0 Flare
48E 1394.88979 12.1 139.1 U 2.09 0.87 45.39 28.18 0.0 0.0 0.0 0.0 -
48E 1394.88979 12.1 139.1 SV 0.72 0.7 11.79 0.0 0.0 0.0 0.0 0.0 -
49A 1395.664156 13.5 9.0 U 2.04 0.86 16.44 27.74 0.0 0.0 0.0 0.0 0.2S
49B 1395.664371 9.6 11.2 U 6.29 0.86 77.3 28.41 0.0 0.0 0.0 0.0 0.2S
49CD 1395.664765 22.9 797.9 U 9.77 0.86 847.69 29.45 0.0 0.0 0.0 0.0 0.2S
49D 1395.666846 1.6 2.4 U 2.78 0.86 7.13 27.38 0.0 0.0 0.0 0.0 0.2S
50 1395.697339 29.3 290.4 V 0.07 0.09 1.89 28.26 0.0 0.7 0.0 -0.7 -
50 1395.697339 29.3 290.4 B 0.21 0.14 18.09 28.76 0.0 0.01 0.0 0.0 -
50 1395.697339 29.3 290.4 U 1.7 0.63 62.09 28.32 0.0 0.0 0.0 0.0 -
50 1395.697339 29.3 290.4 SV 0.97 0.61 18.09 0.0 0.0 0.0 0.0 0.0 -
51AP 1395.738913 18.4 275.4 V 0.12 0.09 2.52 28.38 1.9 0.4 1.2 -1.0 -
51AP 1395.738913 18.4 275.4 B 0.24 0.14 18.41 28.76 0.05 0.01 0.0 0.0 -
51AP 1395.738913 18.4 275.4 U 2.6 0.63 139.8 28.67 0.0 0.0 0.0 0.0 -
51AP 1395.738913 18.4 275.4 SV 0.91 0.61 41.15 0.0 0.0 0.0 0.0 0.0 -
51BP 1395.744144 29.7 39.4 V 0.08 0.09 0.0 0.0 0.0 1.0 0.0 -0.6 -
51BP 1395.744144 29.7 39.4 B 0.12 0.14 2.77 27.94 0.0 0.04 0.0 0.0 -
51BP 1395.744144 29.7 39.4 U 0.94 0.63 17.17 27.76 0.0 0.0 0.0 0.0 -
51BP 1395.744144 29.7 39.4 SV 0.71 0.61 0.29 0.0 0.0 0.0 0.0 0.0 -
51CP 1395.745302 60.7 328.2 V 0.08 0.09 3.62 28.54 0.0 0.8 0.0 -0.9 -
51CP 1395.745302 60.7 328.2 B 0.12 0.14 8.26 28.41 0.0 0.11 0.0 0.0 -
51CP 1395.745302 60.7 328.2 U 1.26 0.63 71.05 28.37 0.0 0.0 0.0 0.0 -
51CP 1395.745302 60.7 328.2 SV 0.41 0.61 0.0 0.0 0.0 0.0 0.0 0.0 -
51D 1395.749654 39.2 995.9 V 0.13 0.09 20.69 29.3 1.7 -0.1 0.4 -1.0 Complex
51D 1395.749654 39.2 995.9 B 0.52 0.14 79.28 29.4 0.05 0.1 0.0 0.0 -
51D 1395.749654 39.2 995.9 U 5.91 0.63 890.23 29.47 0.0 0.0 0.0 0.0 -
51D 1395.749654 39.2 995.9 SV 1.64 0.61 150.7 0.0 0.0 0.0 0.0 0.0 -
52A 1395.776653 30.5 366.9 U 7.86 0.43 254.25 28.93 0.0 0.0 0.0 0.0 Complex
52B 1395.781259 26.7 150.4 U 0.98 0.38 64.06 28.33 0.0 0.0 0.0 0.0 "Multi Peak"
52C 1395.783389 33.6 562.6 U 1.58 0.38 148.2 28.69 0.0 0.0 0.0 0.0 "Multi Peak"
52D 1395.790113 18.4 508.6 U 0.59 0.39 13.87 27.66 0.0 0.0 0.0 0.0 -
53 1395.798366 5.7 89.3 U 1.25 0.43 15.9 27.72 0.0 0.0 0.0 0.0 -
54A 1395.804627 28.3 32.2 U 1.1 0.43 13.52 27.65 0.0 0.0 0.0 0.0 -
54B 1395.805194 16.8 26.4 U 0.79 0.43 7.74 27.41 0.0 0.0 0.0 0.0 -
55 1395.820992 8.0 48.0 V 0.08 0.09 0.0 0.0 0.0 0.0 0.0 0.0 Spike
55 1395.820992 8.0 48.0 B 0.17 0.1 1.31 27.62 0.1 1.01 0.0 0.0 -
55 1395.820992 8.0 48.0 U 2.04 0.51 23.3 27.89 0.0 0.0 0.0 0.0 -
55 1395.820992 8.0 48.0 SV 0.43 0.5 0.0 0.0 0.0 0.0 0.0 0.0 -
56AP 1397.832185 7.3 27.2 U 1.33 0.49 10.03 27.52 0.0 0.0 0.0 0.0 Spike
56BP 1397.832763 5.4 7.5 U 0.59 0.49 0.78 26.41 0.0 0.0 0.0 0.0 Spike
56CP 1397.833608 26.6 25.2 U 7.2 0.49 98.69 28.52 0.0 0.0 0.0 0.0 "Multi Peak"
56D 1397.83416 13.8 530.5 U 165.99 0.49 3390.13 30.05 0.0 0.0 0.0 0.0 Spike
56E 1397.841479 67.3 88.2 U 2.58 0.49 199.01 28.8 0.0 0.0 0.0 0.0 Complex
56F 1397.843435 80.8 48.8 U 2.01 0.49 129.71 28.64 0.0 0.0 0.0 0.0 Slow
56G 1397.846212 78.8 59.4 U 2.38 0.49 134.49 28.65 0.0 0.0 0.0 0.0 "Multi Peak"
57 1397850541.0 20.8 342.1 U 3.91 0.49 90.14 28.48 0.0 0.0 0.0 0.0 -
58 1397.857393 180.8 121.6 U 1.77 0.49 188.93 28.8 0.0 0.0 0.0 0.0 Complex
59A 1397.86628 67.4 96.8 V 0.11 0.09 3.5 28.52 0.0 0.0 0.0 0.0 Complex
59A 1397.86628 67.4 96.8 B 0.12 0.13 10.69 28.53 0.0 0.0 0.0 0.0 -
59A 1397.86628 67.4 96.8 U 1.28 0.53 108.26 28.56 0.0 0.0 0.0 0.0 -
59A 1397.86628 67.4 96.8 SV 0.83 0.6 44.06 0.0 0.0 0.0 0.0 0.0 -
59B 1397.867669 23.2 374.2 V 0.1 0.09 6.28 28.78 0.0 0.0 0.0 0.0 Complex
59B 1397.867669 23.2 374.2 B 0.51 0.13 20.69 28.81 0.0 0.0 0.0 0.0 -
59B 1397.867669 23.2 374.2 U 2.18 0.53 153.58 28.71 0.0 0.0 0.0 0.0 -
59B 1397.867669 23.2 374.2 SV 1.04 0.6 80.17 0.0 0.0 0.0 0.0 0.0 -
59C 1397.87378 76.0 191.8 V 0.07 0.09 0.36 27.54 0.0 0.9 0.0 -0.9 -
59C 1397.87378 76.0 191.8 B 0.1 0.13 1.33 27.62 0.0 0.1 0.0 0.0 -
59C 1397.87378 76.0 191.8 U 1.02 0.53 47.52 28.2 0.0 0.0 0.0 0.0 -
59C 1397.87378 76.0 191.8 SV 0.42 0.6 24.27 0.0 0.0 0.0 0.0 0.0 -
59D 1397.878364 83.3 98.2 V 0.04 0.09 0.0 0.0 0.0 0.0 0.0 0.0 "Slow Rise"
59D 1397.878364 83.3 98.2 B 0.11 0.13 1.98 27.79 0.0 0.0 0.0 0.0 Decay
59D 1397.878364 83.3 98.2 U 0.51 0.53 20.89 27.84 0.0 0.0 0.0 0.0 -
59D 1397.878364 83.3 98.2 SV 0.46 0.6 8.05 0.0 0.0 0.0 0.0 0.0 -
