Data/cnleonis.ecsv
# %ECSV 0.9
# ---
# datatype:
# - {name: Flare NO., datatype: string}
# - {name: HJD(MAX)_2440000., datatype: float64}
# - {name: Rise(S), datatype: float64}
# - {name: Decay(S), datatype: float64}
# - {name: Filter, datatype: string}
# - {name: I(max), datatype: float64}
# - {name: "I\u03C3/I", datatype: float64}
# - {name: E.D., datatype: float64}
# - {name: Log(A.E.), datatype: float64}
# - {name: Flare(B-V), datatype: float64}
# - {name: Star(U-B), datatype: float64}
# - {name: Flare Only(B-V), datatype: float64}
# - {name: Flare Only(U-B), datatype: float64}
# - {name: Notes, datatype: string}
# schema: astropy-2.0
"Flare NO." HJD(MAX)_2440000. Rise(S) Decay(S) Filter I(max) Iσ/I E.D. Log(A.E.) Flare(B-V) Star(U-B) "Flare Only(B-V)" "Flare Only(U-B)" Notes
1AP 1304.97455 4.0 185.8 V 0.06 0.09 0.0 0.0 0.0 0.4 0.0 -1.0 272CM
1AP 1304.97455 4.0 185.8 B 0.24 0.09 4.22 28.12 0.0 0.13 0.0 0.0 Spike
1AP 1304.97455 4.0 185.8 U 2.68 0.49 46.12 28.19 0.0 0.0 0.0 0.0 Flare
1AP 1304.97455 4.0 185.8 SV 0.34 0.41 14.93 0.0 0.0 0.0 0.0 0.0 -
1BC 1304.978948 52.0 656.0 V 0.91 0.09 30.23 29.46 0.7 -0.6 0.1 -0.8 272CM
1BC 1304.978948 52.0 656.0 B 4.49 0.09 166.47 29.72 0.27 0.16 0.0 0.0 Spike
1BC 1304.978948 52.0 656.0 U 41.1 0.49 1327.13 29.65 0.0 0.0 0.0 0.0 Flare
1BC 1304.978948 52.0 656.0 SV 16.17 0.41 452.9 0.0 0.0 0.0 0.0 0.0 -
2 1305.930627 12.0 110.0 V 0.05 0.07 0.68 27.81 0.0 0.5 0.0 -0.7 272CM
2 1305.930627 12.0 110.0 B 0.31 0.09 2.71 27.93 0.0 0.06 0.0 0.0 Spike
2 1305.930627 12.0 110.0 U 2.66 0.44 34.26 28.06 0.0 0.0 0.0 0.0 Flare
2 1305.930627 12.0 110.0 SV 1.7 0.56 17.24 0.0 0.0 0.0 0.0 0.0 -
1C 1304.9804 8.6 25.9 V 0.09 0.09 1.59 28.18 0.0 0.1 0.0 -0.9 272CM
1C 1304.9804 8.6 25.9 B 0.5 0.09 12.8 28.6 0.0 0.01 0.0 0.0 Multi
1C 1304.9804 8.6 25.9 U 5.01 0.49 118.1 28.59 0.0 0.0 0.0 0.0 Peak
1C 1304.9804 8.6 25.9 SV 1.46 0.41 34.94 0.0 0.0 0.0 0.0 0.0 -
3 1305.945627 11.0 637.0 V 0.07 0.07 0.0 0.0 0.0 0.6 0.0 -1.3 272CM
3 1305.945627 11.0 637.0 B 0.12 0.09 2.59 27.91 0.0 0.11 0.0 0.0 -
3 1305.945627 11.0 637.0 U 1.86 0.44 132.84 28.65 0.0 0.0 0.0 0.0 -
3 1305.945627 11.0 637.0 SV 0.53 0.56 64.91 0.0 0.0 0.0 0.0 0.0 -
4A 1305.9633 492.5 406.1 V 0.06 0.07 3.42 28.51 0.0 0.0 0.0 0.0 272CM
4A 1305.9633 492.5 406.1 B 0.11 0.09 19.55 28.79 0.0 0.0 0.0 0.0 "Very Slow"
4A 1305.9633 492.5 406.1 U 0.89 0.44 273.99 28.96 0.0 0.0 0.0 0.0 "Rise Decay"
4A 1305.9633 492.5 406.1 SV 0.61 0.56 149.85 0.0 0.0 0.0 0.0 0.0 -
4B 1305.968497 40.0 60.0 V 0.06 0.07 0.0 0.0 0.0 0.08 0.0 -0.08 272CM
4B 1305.968497 40.0 60.0 B 0.14 0.09 7.6 28.38 0.0 0.03 0.0 0.0 Multi
4B 1305.968497 40.0 60.0 U 1.27 0.44 71.28 28.38 0.0 0.0 0.0 0.0 Peak
4B 1305.968497 40.0 60.0 SV 0.78 0.56 35.3 0.0 0.0 0.0 0.0 0.0 -
4C 1305.969469 20.0 261.9 V 0.07 0.07 2.2 28.32 1.9 0.6 1.0 -0.9 272CM
4C 1305.969469 20.0 261.9 B 0.17 0.09 21.37 28.83 0.05 0.01 0.0 0.0 -
4C 1305.969469 20.0 261.9 U 1.73 0.44 194.0 28.81 0.0 0.0 0.0 0.0 -
4C 1305.969469 20.0 261.9 SV 0.82 0.56 95.43 0.0 0.0 0.0 0.0 0.0 -
4D 1305.973497 86.1 186.0 V 0.06 0.07 0.0 0.0 0.0 0.9 0.0 -0.5 272CM
4D 1305.973497 86.1 186.0 B 0.19 0.09 19.16 28.78 0.0 0.01 0.0 0.0 -
4D 1305.973497 86.1 186.0 U 1.26 0.44 154.76 28.71 0.0 0.0 0.0 0.0 -
4D 1305.973497 86.1 186.0 SV 0.7 0.56 77.32 0.0 0.0 0.0 0.0 0.0 -
4E 1305.976043 34.0 348.0 V 0.08 0.07 2.56 28.39 1.9 0.8 0.9 -0.6 272CM
4E 1305.976043 34.0 348.0 B 0.19 0.09 16.16 28.71 0.1 0.02 0.0 0.0 -
4E 1305.976043 34.0 348.0 U 1.49 0.44 143.82 28.68 0.0 0.0 0.0 0.0 -
4E 1305.976043 34.0 348.0 SV 0.8 0.56 110.8 0.0 0.0 0.0 0.0 0.0 -
5AP 1305.990024 10.7 40.0 V 0.03 0.07 0.0 0.0 0.0 1.1 0.0 -0.3 272CM
5AP 1305.990024 10.7 40.0 B 0.13 0.09 0.46 27.16 0.0 0.06 0.0 0.0 -
5AP 1305.990024 10.7 40.0 U 0.75 0.44 7.66 27.41 0.0 0.0 0.0 0.0 -
5AP 1305.990024 10.7 40.0 SV 0.65 0.56 12.38 0.0 0.0 0.0 0.0 0.0 -
5B 1305.990765 24.0 140.0 V 0.05 0.07 0.0 0.0 0.0 0.3 0.0 -1.3 272CM
5B 1305.990765 24.0 140.0 B 0.2 0.09 4.02 28.1 0.0 0.04 0.0 0.0 -
5B 1305.990765 24.0 140.0 U 3.04 0.44 79.1 28.42 0.0 0.0 0.0 0.0 -
5B 1305.990765 24.0 140.0 SV 0.88 0.56 40.76 0.0 0.0 0.0 0.0 0.0 -
6 1306.006367 57.6 175.7 V 0.05 0.07 0.0 0.0 0.0 0.0 0.0 0.0 272CM
6 1306.006367 57.6 175.7 B 0.1 0.09 0.0 0.0 0.0 0.09 0.0 0.0 Spike
6 1306.006367 57.6 175.7 U 0.8 0.44 0.0 0.0 0.0 0.0 0.0 0.0 Flare
6 1306.006367 57.6 175.7 SV 0.71 0.56 33.16 0.0 0.0 0.0 0.0 0.0 -
7 1306.020441 150.4 0.0 V 0.07 0.07 0.0 0.0 0.0 0.8 0.0 -1.1 272CM
7 1306.020441 150.4 0.0 B 0.11 0.09 8.35 28.42 0.0 0.03 0.0 0.0 Sunrise
7 1306.020441 150.4 0.0 U 1.27 0.44 42.12 28.15 0.0 0.0 0.0 0.0 "Before end of Flare"
7 1306.020441 150.4 0.0 SV 0.79 0.56 80.45 0.0 0.0 0.0 0.0 0.0 -
8 1341.968519 5.0 10.0 B 0.89 0.26 5.21 28.21 0.0 0.0 0.0 0.0 "91CM SPIKE"
9 1341.978727 13.0 22.0 B 0.48 0.26 3.75 28.07 0.0 0.0 0.0 0.0 91CM
10 1342.976497 27.0 25.0 C 0.19 0.15 3.66 28.68 0.0 0.0 0.0 0.0 91CM
11 1342.985814 4.0 47.0 C 0.21 0.15 2.14 28.44 0.0 0.0 0.0 0.0 91CM
12A 1392.69482 27.6 44.0 V 0.03 0.14 0.0 0.0 0.0 0.2 0.0 -1.0 -
12A 1392.69482 27.6 44.0 B 0.32 0.17 4.77 28.18 0.0 0.06 0.0 0.0 -
12A 1392.69482 27.6 44.0 U 3.57 1.0 84.87 28.45 0.0 0.0 0.0 0.0 -
12A 1392.69482 27.6 44.0 SV 0.88 0.82 16.45 0.0 0.0 0.0 0.0 0.0 -
12B 1392.695884 48.0 35.9 V 0.0 0.14 0.0 0.0 0.0 0.0 0.0 0.0 -
12B 1392.695884 48.0 35.9 B 0.06 0.17 0.0 0.0 0.0 0.0 0.0 0.0 -
12B 1392.695884 48.0 35.9 U 1.18 1.0 36.75 28.09 0.0 0.0 0.0 0.0 -
12B 1392.695884 48.0 35.9 SV 0.34 0.82 0.0 0.0 0.0 0.0 0.0 0.0 -
13AP 1392.726395 12.5 22.0 V 0.0 0.14 0.0 0.0 0.0 0.0 0.0 0.0 Multi
13AP 1392.726395 12.5 22.0 B 0.09 0.17 0.0 0.0 0.0 0.0 0.0 0.0 Peak
13AP 1392.726395 12.5 22.0 U 0.88 1.0 13.1 27.64 0.0 0.0 0.0 0.0 -
13AP 1392.726395 12.5 22.0 SV 0.36 0.82 0.0 0.0 0.0 0.0 0.0 0.0 -
13B 1392.72681 13.8 707.6 V 0.28 0.14 12.44 29.08 1.1 -0.4 -0.1 -0.8 Spike
13B 1392.72681 13.8 707.6 B 1.67 0.17 53.98 29.23 0.18 0.34 0.0 0.0 Flare
13B 1392.72681 13.8 707.6 U 15.91 1.0 452.86 29.18 0.0 0.0 0.0 0.0 -
13B 1392.72681 13.8 707.6 SV 4.53 0.82 121.15 0.0 0.0 0.0 0.0 0.0 -
14 1392.736394 72.9 190.6 V 0.07 0.14 0.0 0.0 0.0 0.0 0.0 0.0 "Slow Rise"
14 1392.736394 72.9 190.6 B 0.13 0.17 11.42 28.56 0.0 0.0 0.0 0.0 Decay
14 1392.736394 72.9 190.6 U 1.19 1.0 114.67 28.56 0.0 0.0 0.0 0.0 -
14 1392.736394 72.9 190.6 SV 0.73 0.82 24.08 0.0 0.0 0.0 0.0 0.0 -
15 1392.850348 24.0 228.0 V 0.1 0.11 0.0 0.0 0.0 -0.2 0.0 -1.1 Spike
15 1392.850348 24.0 228.0 B 0.52 0.13 10.34 28.51 0.0 0.12 0.0 0.0 Flare
15 1392.850348 24.0 228.0 U 6.56 0.87 122.83 28.61 0.0 0.0 0.0 0.0 -
15 1392.850348 24.0 228.0 SV 1.4 0.71 46.38 0.0 0.0 0.0 0.0 0.0 -
16 1392.856042 63.9 64.0 V 0.05 0.11 0.0 0.0 0.0 0.0 0.0 0.0 "Slow Rise"
16 1392.856042 63.9 64.0 B 0.96 0.13 1.14 27.55 0.0 0.0 0.0 0.0 Decay
16 1392.856042 63.9 64.0 U 1.19 0.87 53.35 28.25 0.0 0.0 0.0 0.0 -
16 1392.856042 63.9 64.0 SV 0.77 0.71 11.96 0.0 0.0 0.0 0.0 0.0 -
17 1392.877952 24.0 528.0 V 0.13 0.07 13.05 29.1 1.6 0.4 0.3 -0.4 "See Note2"
17 1392.877952 24.0 528.0 B 0.54 0.09 52.72 29.22 0.09 0.05 0.0 0.0 -
17 1392.877952 24.0 528.0 U 3.4 0.46 376.95 29.1 0.0 0.0 0.0 0.0 -
17 1392.877952 24.0 528.0 SV 1.18 0.51 132.88 0.0 0.0 0.0 0.0 0.0 -
18 1392.891794 46.0 236.0 V 0.13 0.1 3.98 28.58 1.9 0.7 1.3 -0.6 -
18 1392.891794 46.0 236.0 B 0.23 0.13 15.82 28.7 0.01 0.03 0.0 0.0 -
18 1392.891794 46.0 236.0 U 1.75 0.71 88.99 28.47 0.0 0.0 0.0 0.0 -
18 1392.891794 46.0 236.0 SV 105.0 0.79 138.56 0.0 0.0 0.0 0.0 0.0 -
19 1392.8962 108.7 587.5 V 0.11 0.1 0.0 0.0 0.0 0.0 0.0 0.0 "Slow Rise"
19 1392.8962 108.7 587.5 B 0.24 0.13 29.99 28.97 0.0 0.0 0.0 0.0 "and Decay"
19 1392.8962 108.7 587.5 U 1.44 0.71 204.53 28.83 0.0 0.0 0.0 0.0 -
19 1392.8962 108.7 587.5 SV 1.06 0.79 56.54 0.0 0.0 0.0 0.0 0.0 -
20 1392.914989 25.0 865.0 V 0.18 0.1 22.01 29.32 1.4 -0.2 1.0 -0.9 "Could be Two Flares"
20 1392.914989 25.0 865.0 B 0.91 0.13 170.3 29.73 0.04 0.02 0.0 0.0 -
20 1392.914989 25.0 865.0 U 9.12 0.71 1238.12 29.61 0.0 0.0 0.0 0.0 -
20 1392.914989 25.0 865.0 SV 2.41 0.79 330.93 0.0 0.0 0.0 0.0 0.0 -
21 1392.929063 264.6 347.9 V 0.15 0.1 0.0 0.0 0.0 0.1 0.0 -0.5 "Multi Peak"
21 1392.929063 264.6 347.9 B 0.93 0.13 75.54 29.38 0.0 0.1 0.0 0.0 -
21 1392.929063 264.6 347.9 U 6.61 0.71 859.19 29.46 0.0 0.0 0.0 0.0 -
21 1392.929063 264.6 347.9 SV 2.03 0.79 169.07 0.0 0.0 0.0 0.0 0.0 -
22A 1393.704947 38.6 203.3 V 0.1 0.1 3.3 28.5 0.0 0.0 0.0 0.0 "See Note1"
22A 1393.704947 38.6 203.3 B 0.22 0.13 19.93 28.8 0.0 0.0 0.0 0.0 -
22A 1393.704947 38.6 203.3 U 0.99 0.57 110.87 28.57 0.0 0.0 0.0 0.0 -
22A 1393.704947 38.6 203.3 SV 0.64 0.63 46.96 0.0 0.0 0.0 0.0 0.0 -
22B 1393.70865 116.6 548.6 V 0.09 0.1 8.2 28.89 0.0 0.0 0.0 0.0 "See Note1"
22B 1393.70865 116.6 548.6 B 0.21 0.13 48.46 29.16 0.0 0.0 0.0 0.0 -
22B 1393.70865 116.6 548.6 U 1.51 0.57 303.92 29.0 0.0 0.0 0.0 0.0 -
22B 1393.70865 116.6 548.6 SV 0.72 0.63 98.07 0.0 0.0 0.0 0.0 0.0 -
23 1393.732817 44.7 862.5 V 0.12 0.1 7.51 28.86 1.5 -0.2 -0.1 -1.1 "Multi Peak"
23 1393.732817 44.7 862.5 B 0.71 0.13 68.36 29.33 0.01 0.03 0.0 0.0 -
23 1393.732817 44.7 862.5 U 8.27 0.57 735.48 29.39 0.0 0.0 0.0 0.0 -
23 1393.732817 44.7 862.5 SV 2.26 0.63 253.02 0.0 0.0 0.0 0.0 0.0 -
24 1393.747585 50.5 122.3 V 0.06 0.1 0.0 0.0 0.0 0.8 0.0 -0.7 "Multi Peak"
24 1393.747585 50.5 122.3 B 0.16 0.13 4.65 28.17 0.0 0.06 0.0 0.0 -
24 1393.747585 50.5 122.3 U 1.28 0.57 42.26 28.15 0.0 0.0 0.0 0.0 -
24 1393.747585 50.5 122.3 SV 0.5 0.63 28.01 0.0 0.0 0.0 0.0 0.0 -
25 1393.766 103.7 311.0 V 0.07 0.1 0.0 0.0 0.0 0.8 0.0 -0.7 "Multi Peak"
25 1393.766 103.7 311.0 B 0.17 0.13 0.0 0.0 0.0 0.06 0.0 0.0 -
25 1393.766 103.7 311.0 U 1.41 0.57 206.16 28.84 0.0 0.0 0.0 0.0 -
25 1393.766 103.7 311.0 SV 1.24 0.63 75.09 0.0 0.0 0.0 0.0 0.0 -
26 1393.775477 16.0 34.4 V 0.03 0.09 0.0 0.0 0.0 0.0 0.0 0.0 -
26 1393.775477 16.0 34.4 B 0.08 0.13 0.0 0.0 0.0 0.0 0.0 0.0 -
26 1393.775477 16.0 34.4 U 0.71 0.55 6.86 27.36 0.0 0.0 0.0 0.0 -
26 1393.775477 16.0 34.4 SV 0.42 0.59 0.0 0.0 0.0 0.0 0.0 0.0 -
27 1393.779505 16.0 375.4 V 0.06 0.09 1.89 28.26 0.0 0.5 0.0 -0.9 -
27 1393.779505 16.0 375.4 B 0.22 0.13 12.17 28.58 0.0 0.1 0.0 0.0 -
27 1393.779505 16.0 375.4 U 2.13 0.55 115.95 28.59 0.0 0.0 0.0 0.0 -
27 1393.779505 16.0 375.4 SV 1.52 0.59 29.54 0.0 0.0 0.0 0.0 0.0 -
28AP 1393.789597 4.0 16.0 V 0.05 0.09 0.0 0.0 0.0 0.7 0.0 -0.8 Spike
28AP 1393.789597 4.0 16.0 B 0.19 0.13 1.35 27.63 0.0 0.17 0.0 0.0 Flare
28AP 1393.789597 4.0 16.0 U 1.71 0.55 10.73 27.55 0.0 0.0 0.0 0.0 -
28AP 1393.789597 4.0 16.0 SV 0.89 0.59 1.64 0.0 0.0 0.0 0.0 0.0 -
28BP 1393.791588 16.0 96.0 V 0.06 0.09 0.46 27.64 0.0 1.0 0.0 -0.3 -
28BP 1393.791588 16.0 96.0 B 0.16 0.13 3.25 28.01 0.0 0.11 0.0 0.0 -
28BP 1393.791588 16.0 96.0 U 0.87 0.55 21.69 27.86 0.0 0.0 0.0 0.0 -
28BP 1393.791588 16.0 96.0 SV 0.54 0.59 14.6 0.0 0.0 0.0 0.0 0.0 -
28C 1393.792884 16.0 272.1 V 1.68 0.09 11.07 29.02 0.0 0.0 0.0 0.0 Spike
28C 1393.792884 16.0 272.1 B 4.91 0.13 40.61 29.11 0.44 1.12 0.0 0.0 Flare
28C 1393.792884 16.0 272.1 U 12.32 0.55 251.78 28.92 0.0 0.0 0.0 0.0 -
28C 1393.792884 16.0 272.1 SV 12.4 0.59 132.97 0.0 0.0 0.0 0.0 0.0 -
29AP 1393.808324 14.0 94.0 U 0.84 0.5 21.97 27.86 0.0 0.0 0.0 0.0 -
29BP 1393.81153 8.0 22.0 U 1.11 0.42 11.77 27.59 0.0 0.0 0.0 0.0 Spike
29C 1393.812236 38.0 236.0 U 20.63 0.42 349.89 29.07 0.0 0.0 0.0 0.0 Multispike
30 1393.830684 30.0 200.0 C 0.14 0.05 8.34 29.04 0.0 0.0 0.0 0.0 -
31 1393.839342 28.1 231.0 C 0.12 0.05 5.5 28.85 0.0 0.0 0.0 0.0 -
32 1393.845626 2.9 153.0 C 0.11 0.05 1.49 28.29 0.0 0.0 0.0 0.0 -
33 1393.85411 167.0 41.0 C 0.13 0.05 5.78 28.88 0.0 0.0 0.0 0.0 Complex
34A 1393.868398 17.0 36.0 U 1.34 0.71 10.77 27.55 0.0 0.0 0.0 0.0 "0.5S Spike"
34B 1393.871482 15.5 89.5 U 0.87 0.63 17.91 27.78 0.0 0.0 0.0 0.0 0.5S
34CD 1393.882102 436.1 146.5 U 4.31 0.66 150.26 28.7 0.0 0.0 0.0 0.0 0.5S
34D 1393.882102 3.5 146.5 U 4.08 0.61 75.39 28.4 0.0 0.0 0.0 0.0 "0.5S Spike"
35A 1393.903485 24.0 91.0 U 1.12 0.76 45.8 28.18 0.0 0.0 0.0 0.0 0.5S
35ABC 1393.908346 444.0 75.5 U 3.19 0.76 288.53 28.98 0.0 0.0 0.0 0.0 0.5S
35C 1393.908346 27.0 75.5 U 1.51 0.58 8.54 27.45 0.0 0.0 0.0 0.0 0.5S
36 1394.704922 0.0 404.2 V 0.1 0.08 2.94 28.45 1.7 0.3 0.4 -0.8 "See Note3"
36 1394.704922 0.0 404.2 B 0.38 0.14 28.6 28.95 0.04 0.01 0.0 0.0 -
36 1394.704922 0.0 404.2 U 3.59 0.45 206.73 28.84 0.0 0.0 0.0 0.0 -
36 1394.704922 0.0 404.2 SV 1.08 0.52 15.29 0.0 0.0 0.0 0.0 0.0 -
37 1394.712977 32.6 287.1 V 0.1 0.08 3.61 28.54 2.0 0.8 1.7 -1.0 -
37 1394.712977 32.6 287.1 B 0.13 0.14 9.58 28.48 0.07 0.16 0.0 0.0 -
37 1394.712977 32.6 287.1 U 1.37 0.45 58.39 28.29 0.0 0.0 0.0 0.0 -
37 1394.712977 32.6 287.1 SV 0.38 0.52 0.0 0.0 0.0 0.0 0.0 0.0 -
38 1394.717144 12.4 74.0 V 0.04 0.08 0.0 0.0 0.0 0.0 0.0 0.0 Spike
38 1394.717144 12.4 74.0 B 0.12 0.14 0.0 0.0 0.0 0.64 0.0 0.0 Flare
38 1394.717144 12.4 74.0 U 1.49 0.45 15.67 27.72 0.0 0.0 0.0 0.0 -
38 1394.717144 12.4 74.0 SV 0.96 0.52 5.65 0.0 0.0 0.0 0.0 0.0 -
39 1394.722375 99.8 175.0 V 0.06 0.08 0.0 0.0 0.0 1.0 0.0 -0.7 Multi
39 1394.722375 99.8 175.0 B 0.11 0.14 6.89 28.34 0.0 0.11 0.0 0.0 Peak
39 1394.722375 99.8 175.0 U 0.89 0.45 52.81 28.25 0.0 0.0 0.0 0.0 -
39 1394.722375 99.8 175.0 SV 0.58 0.52 12.02 0.0 0.0 0.0 0.0 0.0 -
40 1394.727 60.5 164.2 V 0.09 0.08 1.03 27.99 0.0 0.0 0.0 0.0 "Slow Rise"
40 1394.727 60.5 164.2 B 0.14 0.14 6.64 28.32 0.0 0.0 0.0 0.0 Decay
40 1394.727 60.5 164.2 U 0.64 0.45 38.44 28.11 0.0 0.0 0.0 0.0 -
40 1394.727 60.5 164.2 SV 0.71 0.52 17.86 0.0 0.0 0.0 0.0 0.0 -
41 1394.732375 23.8 62.6 V 0.06 0.08 0.91 27.94 0.0 0.5 0.0 -1.2 Spike
41 1394.732375 23.8 62.6 B 0.15 0.14 2.49 27.89 0.0 0.14 0.0 0.0 Flare
41 1394.732375 23.8 62.6 U 2.02 0.45 16.78 27.75 0.0 0.0 0.0 0.0 -
41 1394.732375 23.8 62.6 SV 0.42 0.52 8.52 0.0 0.0 0.0 0.0 0.0 -
42A 1394.737 112.3 103.7 V 0.07 0.08 1.54 28.17 0.0 0.0 0.0 0.0 "Sl:qow Rise"
42A 1394.737 112.3 103.7 B 0.11 0.14 1.11 27.54 0.0 0.0 0.0 0.0 Decay
42A 1394.737 112.3 103.7 U 0.48 0.45 30.64 28.01 0.0 0.0 0.0 0.0 -
42A 1394.737 112.3 103.7 SV 0.46 0.52 30.39 0.0 0.0 0.0 0.0 0.0 -
42B 1394.739042 20.9 216.0 V 0.07 0.08 0.7 27.83 0.0 0.8 0.0 -0.8 -
42B 1394.739042 20.9 216.0 B 0.14 0.14 4.67 28.17 0.0 0.05 0.0 0.0 -
42B 1394.739042 20.9 216.0 U 1.23 0.45 64.46 28.33 0.0 0.0 0.0 0.0 -
42B 1394.739042 20.9 216.0 SV 0.62 0.52 41.31 0.0 0.0 0.0 0.0 0.0 -
43A 1394.7545 43.2 64.8 U 0.51 0.4 21.41 27.85 0.0 0.0 0.0 0.0 -
43B 1394.75594 38.0 156.4 U 0.8 0.4 50.52 28.23 0.0 0.0 0.0 0.0 -
43C 1394.758857 95.6 59.9 U 1.85 0.4 125.78 28.62 0.0 0.0 0.0 0.0 "Multi Peak"
43D 1394.759771 1.8 97.6 U 1.97 0.4 96.23 28.51 0.0 0.0 0.0 0.0 -
43E 1394.751357 39.5 608.5 U 2.86 0.4 344.15 29.06 0.0 0.0 0.0 0.0 "Multi Peak"
44AP 1394.78351 44.1 55.3 U 0.42 0.4 4.65 27.19 0.0 0.0 0.0 0.0 -
44B 1394.785292 98.7 316.0 U 141.57 0.4 3155.22 30.02 0.0 0.0 0.0 0.0 Spike
44C 1394.788972 6.2 11.1 U 1.65 0.4 14.27 27.68 0.0 0.0 0.0 0.0 Spike
44D 1394.790199 17.2 34.7 U 1.73 0.4 30.98 28.01 0.0 0.0 0.0 0.0 Spike
45 1394.805394 20.0 116.0 V 0.08 0.11 1.18 28.05 0.0 0.0 0.0 0.0 -
45 1394.805394 20.0 116.0 B 0.11 0.11 0.0 0.0 0.0 0.0 0.0 0.0 -
45 1394.805394 20.0 116.0 U 0.91 0.52 20.41 27.83 0.0 0.0 0.0 0.0 -
45 1394.805394 20.0 116.0 SV 0.79 0.64 13.94 0.0 0.0 0.0 0.0 0.0 -
46 1394.819376 52.0 92.0 V 0.06 0.11 0.0 0.0 0.0 0.0 0.0 0.0 -
46 1394.819376 52.0 92.0 B 0.09 0.11 0.0 0.0 0.0 0.0 0.0 0.0 -
46 1394.819376 52.0 92.0 U 0.44 0.52 13.24 27.64 0.0 0.0 0.0 0.0 -
46 1394.819376 52.0 92.0 SV 0.59 0.64 6.25 0.0 0.0 0.0 0.0 0.0 -
47AP 1394.83655 13.0 108.0 V 0.1 0.1 2.57 28.39 1.7 0.3 0.2 -0.7 Multi
47AP 1394.83655 13.0 108.0 B 0.46 0.13 15.46 28.69 0.07 0.02 0.0 0.0 Peak
47AP 1394.83655 13.0 108.0 U 3.91 0.84 156.78 28.72 0.0 0.0 0.0 0.0 -
47AP 1394.83655 13.0 108.0 SV 0.98 0.6 29.07 0.0 0.0 0.0 0.0 0.0 -
47BP 1394.837939 12.0 65.8 V 0.05 0.1 0.87 27.92 0.0 0.4 0.0 -1.2 Spike
47BP 1394.837939 12.0 65.8 B 0.18 0.13 4.28 28.13 0.0 0.17 0.0 0.0 Flare
47BP 1394.837939 12.0 65.8 U 2.44 0.84 57.46 28.28 0.0 0.0 0.0 0.0 -
47BP 1394.837939 12.0 65.8 SV 0.75 0.6 13.18 0.0 0.0 0.0 0.0 0.0 -
47C 1394.838912 18.3 690.2 V 0.31 0.1 10.14 28.99 1.2 -0.8 0.0 -1.2 Spike
47C 1394.838912 18.3 690.2 B 1.64 0.13 44.54 29.15 0.05 0.32 0.0 0.0 Flare
47C 1394.838912 18.3 690.2 U 22.19 0.84 482.17 29.21 0.0 0.0 0.0 0.0 -
47C 1394.838912 18.3 690.2 SV 4.69 0.6 108.67 0.0 0.0 0.0 0.0 0.0 -
47D 1394.847013 9.8 223.5 V 0.08 0.1 4.69 28.65 1.8 0.2 0.3 -1.0 Spike
47D 1394.847013 9.8 223.5 B 0.34 0.13 15.76 28.7 0.01 0.06 0.0 0.0 Flare
47D 1394.847013 9.8 223.5 U 3.92 0.84 147.51 28.69 0.0 0.0 0.0 0.0 -
47D 1394.847013 9.8 223.5 SV 1.13 0.6 32.27 0.0 0.0 0.0 0.0 0.0 -
48A 1394.881087 33.4 61.6 V 0.06 0.09 0.0 0.0 0.0 0.5 0.0 -0.8 -
48A 1394.881087 33.4 61.6 B 0.26 0.13 5.61 28.25 0.0 0.08 0.0 0.0 -
48A 1394.881087 33.4 61.6 U 2.35 0.87 84.4 28.45 0.0 0.0 0.0 0.0 -
48A 1394.881087 33.4 61.6 SV 0.54 0.7 8.24 0.0 0.0 0.0 0.0 0.0 -
