Data/uvceti.ecsv
# %ECSV 0.9
# ---
# datatype:
# - {name: Flare NO., datatype: string}
# - {name: HJD(MAX)_2440000., datatype: float64}
# - {name: Rise(S), datatype: float64}
# - {name: Decay(S), datatype: float64}
# - {name: Filter, datatype: string}
# - {name: I(max), datatype: float64}
# - {name: "I\u03C3/I", datatype: float64}
# - {name: E.D., datatype: float64}
# - {name: Log(A.E.), datatype: float64}
# - {name: Flare(B-V), datatype: float64}
# - {name: Star(U-B), datatype: float64}
# - {name: Flare Only(B-V), datatype: float64}
# - {name: Flare Only(U-B), datatype: float64}
# - {name: Notes, datatype: string}
# schema: astropy-2.0
"Flare NO." HJD(MAX)_2440000. Rise(S) Decay(S) Filter I(max) Iσ/I E.D. Log(A.E.) Flare(B-V) Star(U-B) "Flare Only(B-V)" "Flare Only(U-B)" Notes
1AP 1265.736271 23.4 31.9 V 0.04 0.07 0.46 28.35 0.0 0.0 0.0 0.0 2.0S
1AP 1265.736271 23.4 31.9 B 0.04 0.08 1.45 28.43 0.0 0.0 0.0 0.0 -
1AP 1265.736271 23.4 31.9 U 2.01 0.52 30.11 28.83 0.0 0.0 0.0 0.0 -
1AP 1265.736271 23.4 31.9 3370A 4.5 1.2 34.5 0.0 0.0 0.0 0.0 0.0 -
1B 1265.742567 237.3 855.6 V 0.23 0.07 27.03 30.12 1.1 -0.2 -0.2 -0.7 2.0S
1B 1265.742567 237.3 855.6 B 1.24 0.08 112.32 30.32 0.12 0.05 0.0 0.0 Multi
1B 1265.742567 237.3 855.6 U 9.21 0.52 1016.37 30.36 0.0 0.0 0.0 0.0 Peak
1B 1265.742567 237.3 855.6 3370A 0.0 1.2 0.0 0.0 0.0 0.0 0.0 0.0 -
1C 1265.753586 96.4 407.3 V 0.09 0.07 11.41 29.75 1.7 0.4 0.8 -1.1 2.0S
1C 1265.753586 96.4 407.3 B 0.22 0.08 39.13 29.86 0.01 0.01 0.0 0.0 -
1C 1265.753586 96.4 407.3 U 2.24 0.52 334.96 29.88 0.0 0.0 0.0 0.0 -
1C 1265.753586 96.4 407.3 3370A 0.0 1.2 0.0 0.0 0.0 0.0 0.0 0.0 -
1DP 1265.760067 40.3 333.8 V 0.08 0.07 5.17 29.4 1.8 0.4 1.0 -1.3 2.0S
1DP 1265.760067 40.3 333.8 B 0.16 0.08 25.62 29.68 0.05 0.06 0.0 0.0 -
1DP 1265.760067 40.3 333.8 U 1.95 0.52 224.57 29.71 0.0 0.0 0.0 0.0 -
1DP 1265.760067 40.3 333.8 3370A 0.0 1.2 0.0 0.0 0.0 0.0 0.0 0.0 -
1E 1265.764141 18.2 760.1 V 0.58 0.07 30.72 30.18 0.8 -0.6 -0.1 -0.8 2.0S
1E 1265.764141 18.2 760.1 B 2.91 0.08 168.96 30.5 0.08 0.1 0.0 0.0 -
1E 1265.764141 18.2 760.1 U 23.52 0.52 1357.64 30.49 0.0 0.0 0.0 0.0 -
1E 1265.764141 18.2 760.1 3370A 20.67 1.2 642.25 0.0 0.0 0.0 0.0 0.0 -
2A 1266.686172 58.1 201.1 B 0.43 0.12 23.82 29.65 0.0 0.0 0.0 0.0 -
2B 1266.689332 71.9 118.2 B 0.81 0.12 3.81 28.85 0.0 0.0 0.0 0.0 -
2CP 1266.718278 6.7 96.9 B 2.95 0.11 50.64 29.97 0.0 0.0 0.0 0.0 Spike
2DP 1266.719575 6.5 2.5 B 0.89 0.11 4.93 28.96 0.0 0.0 0.0 0.0 Spike
2E 1266.720535 80.4 1223.9 B 7.46 0.11 818.17 31.18 0.0 0.0 0.0 0.0 Complex
3 1267.643838 3.3 44.2 B 0.98 0.18 3.42 28.8 0.0 0.0 0.0 0.0 Spike.5S
4 1267.704031 175.5 512.0 V 0.1 0.1 7.42 29.56 1.5 0.3 -0.1 -0.5 Complex
4 1267.704031 175.5 512.0 B 0.53 0.12 58.55 30.04 0.02 0.02 0.0 0.0 -
4 1267.704031 175.5 512.0 U 3.23 0.58 447.83 30.01 0.0 0.0 0.0 0.0 -
5AP 1267.743244 29.7 268.4 V 0.66 0.1 15.35 29.87 0.8 -0.2 0.0 -0.5 Spike
5AP 1267.743244 29.7 268.4 B 3.12 0.12 72.13 30.13 0.14 0.09 0.0 0.0 -
5AP 1267.743244 29.7 268.4 U 18.16 0.58 509.03 30.06 0.0 0.0 0.0 0.0 -
5B 1267.746578 19.7 651.6 V 1.09 0.1 65.13 30.5 0.7 -0.4 0.2 -0.6 Spike
5B 1267.746578 19.7 651.6 B 4.47 0.12 279.78 30.72 0.1 0.03 0.0 0.0 -
5B 1267.746578 19.7 651.6 U 29.91 0.58 1734.1 30.59 0.0 0.0 0.0 0.0 -
6A 1267.773846 43.7 112.7 V 0.07 0.1 1.3 28.8 0.0 0.0 0.0 0.0 -
6A 1267.773846 43.7 112.7 B 0.13 0.12 4.55 28.93 0.0 0.0 0.0 0.0 -
6A 1267.773846 43.7 112.7 U 0.95 0.58 20.03 28.66 0.0 0.0 0.0 0.0 -
6B 1267.776068 79.3 141.0 V 0.12 0.1 2.31 29.05 0.0 0.0 0.0 0.0 -
6B 1267.776068 79.3 141.0 B 0.17 0.12 9.92 29.27 0.0 0.0 0.0 0.0 -
6B 1267.776068 79.3 141.0 U 1.13 0.58 55.76 29.1 0.0 0.0 0.0 0.0 -
6C 1267.7788 19.0 132.0 V 0.07 0.1 0.0 0.0 0.0 0.6 0.0 -0.8 -
6C 1267.7788 19.0 132.0 B 0.22 0.12 3.22 28.78 0.0 0.22 0.0 0.0 -
6C 1267.7788 19.0 132.0 U 1.67 0.58 33.67 28.88 0.0 0.0 0.0 0.0 -
7 1289.708721 8.7 231.5 V 0.13 0.57 10.82 29.72 0.0 0.0 0.0 0.0 2.0S
7 1289.708721 8.7 231.5 B 0.36 0.58 23.58 29.64 0.0 0.0 0.0 0.0 Complex
7 1289.708721 8.7 231.5 U 4.35 2.03 245.31 29.74 0.0 0.0 0.0 0.0 -
7 1289.708721 8.7 231.5 SV 1.55 1.32 40.91 0.0 0.0 0.0 0.0 0.0 -
8 1292.605161 32.1 504.5 V 0.93 0.11 43.38 30.33 0.7 -0.1 -0.1 -0.2 Spike
8 1292.605161 32.1 504.5 B 4.05 0.15 179.58 30.52 0.05 0.02 0.0 0.0 -
8 1292.605161 32.1 504.5 U 18.84 0.63 789.36 30.25 0.0 0.0 0.0 0.0 -
8 1292.605161 32.1 504.5 SV 7.39 0.62 288.92 0.0 0.0 0.0 0.0 0.0 -
9A 1292.623957 13.6 12.4 V 0.05 0.11 0.0 0.0 0.0 0.0 0.0 0.0 Spike
9A 1292.623957 13.6 12.4 B 0.03 0.13 0.0 0.0 0.0 0.57 0.0 0.0 -
9A 1292.623957 13.6 12.4 U 2.83 0.59 12.21 28.44 0.0 0.0 0.0 0.0 -
9A 1292.623957 13.6 12.4 SV 0.88 0.68 8.83 0.0 0.0 0.0 0.0 0.0 -
9B 1292.625531 123.6 66.4 V 0.2 0.11 18.01 29.94 1.8 0.5 1.5 -0.7 Complex
9B 1292.625531 123.6 66.4 B 0.26 0.13 20.71 29.59 0.01 0.19 0.0 0.0 -
9B 1292.625531 123.6 66.4 U 1.87 0.59 168.23 29.58 0.0 0.0 0.0 0.0 -
9B 1292.625531 123.6 66.4 SV 2.03 0.68 231.96 0.0 0.0 0.0 0.0 0.0 -
9C 1292.62729 25.1 26.8 V 0.14 0.11 4.45 29.34 0.0 0.7 0.0 -0.8 -
9C 1292.62729 25.1 26.8 B 0.15 0.13 4.46 28.92 0.0 0.26 0.0 0.0 -
9C 1292.62729 25.1 26.8 U 1.22 0.59 35.72 28.91 0.0 0.0 0.0 0.0 -
9C 1292.62729 25.1 26.8 SV 1.73 0.68 68.0 0.0 0.0 0.0 0.0 0.0 -
9D 1292.628263 14.1 63.7 V 0.1 0.11 0.75 28.56 0.0 0.6 0.0 -0.8 -
9D 1292.628263 14.1 63.7 B 0.17 0.13 4.09 28.88 0.0 0.3 0.0 0.0 -
9D 1292.628263 14.1 63.7 U 1.37 0.59 15.69 28.55 0.0 0.0 0.0 0.0 -
9D 1292.628263 14.1 63.7 SV 1.3 0.68 12.37 0.0 0.0 0.0 0.0 0.0 -
9E 1292.631503 26.2 17.0 V 0.09 0.11 0.99 26.68 0.0 0.0 0.0 0.0 Multi
9E 1292.631503 26.2 17.0 B 0.08 0.13 1.13 28.32 0.0 0.0 0.0 0.0 Peak
9E 1292.631503 26.2 17.0 U 0.62 0.59 5.79 28.12 0.0 0.0 0.0 0.0 -
9E 1292.631503 26.2 17.0 SV 1.04 0.68 21.37 0.0 0.0 0.0 0.0 0.0 -
9F 1292.633124 10.7 49.8 V 0.06 0.11 0.0 0.0 0.0 0.6 0.0 -0.4 -
9F 1292.633124 10.7 49.8 B 0.39 0.13 6.33 29.07 0.0 0.19 0.0 0.0 -
9F 1292.633124 10.7 49.8 U 2.04 0.59 31.74 28.86 0.0 0.0 0.0 0.0 -
9F 1292.633124 10.7 49.8 SV 0.93 0.68 9.42 0.0 0.0 0.0 0.0 0.0 -
10A 1292.67394 44.1 76.0 V 0.1 0.12 1.1 28.73 0.0 0.6 0.0 -0.7 Complex
10A 1292.67394 44.1 76.0 B 0.2 0.13 4.31 28.9 0.0 0.04 0.0 0.0 -
10A 1292.67394 44.1 76.0 U 1.44 0.81 62.39 29.15 0.0 0.0 0.0 0.0 -
10A 1292.67394 44.1 76.0 SV 1.02 0.91 9.64 0.0 0.0 0.0 0.0 0.0 -
10B 1292.6758 84.8 27.2 V 0.09 0.12 2.37 29.06 0.0 0.4 0.0 -0.6 Complex
10B 1292.6758 84.8 27.2 B 0.36 0.13 10.6 29.3 0.0 0.11 0.0 0.0 -
10B 1292.6758 84.8 27.2 U 2.32 0.81 91.21 29.31 0.0 0.0 0.0 0.0 -
10B 1292.6758 84.8 27.2 SV 1.2 0.91 29.93 0.0 0.0 0.0 0.0 0.0 -
10C 1292.6764 25.9 51.8 V 0.11 0.12 2.06 29.0 0.0 0.4 0.0 -0.6 Complex
10C 1292.6764 25.9 51.8 B 0.36 0.13 10.1 29.37 0.0 0.06 0.0 0.0 -
10C 1292.6764 25.9 51.8 U 2.32 0.81 101.12 29.36 0.0 0.0 0.0 0.0 -
10C 1292.6764 25.9 51.8 SV 1.04 0.91 26.7 0.0 0.0 0.0 0.0 0.0 -
10D 1292.6773 25.9 509.7 V 0.35 0.12 12.57 29.79 0.0 0.0 0.0 0.0 Complex
10D 1292.6773 25.9 509.7 B 0.22 0.13 49.89 29.97 0.26 0.0 0.0 0.0 -
10D 1292.6773 25.9 509.7 U 1.8 0.81 404.94 29.96 0.0 0.0 0.0 0.0 -
10D 1292.6773 25.9 509.7 SV 1.13 0.91 151.39 0.0 0.0 0.0 0.0 0.0 -
11 1299.653318 27.5 732.1 V 0.46 0.15 110.75 30.73 1.0 -0.7 0.2 -1.1 Flat
11 1299.653318 27.5 732.1 B 1.87 0.23 460.79 30.93 0.01 0.11 0.0 0.0 Peak
11 1299.653318 27.5 732.1 U 20.5 1.37 4532.9 31.01 0.0 0.0 0.0 0.0 -
11 1299.653318 27.5 732.1 SV 13.83 1.44 1077.63 0.0 0.0 0.0 0.0 0.0 -
12AP 1300.601768 31.8 106.4 V 0.11 0.14 2.84 29.14 0.0 0.7 0.0 -0.7 Multi
12AP 1300.601768 31.8 106.4 B 0.18 0.16 4.69 28.94 0.0 0.03 0.0 0.0 Peak
12AP 1300.601768 31.8 106.4 U 1.35 0.96 62.21 29.15 0.0 0.0 0.0 0.0 -
12AP 1300.601768 31.8 106.4 SV 0.68 0.89 19.24 0.0 0.0 0.0 0.0 0.0 -
12BP 1300.6065 138.2 103.7 V 0.1 0.14 0.0 0.0 0.0 0.0 0.0 0.0 SlowRise
12BP 1300.6065 138.2 103.7 B 0.12 0.16 4.26 28.9 0.0 0.0 0.0 0.0 Decay
12BP 1300.6065 138.2 103.7 U 1.17 0.96 67.0 29.18 1.0 1.0 1.0 1.0 -
12BP 1300.6065 138.2 103.7 SV 0.54 0.89 17.91 0.0 0.0 0.0 0.0 0.0 -
12C 1300.608 17.3 259.2 V 0.46 0.14 13.86 29.83 0.0 0.0 0.0 0.0 Spike
12C 1300.608 17.3 259.2 B 2.13 0.16 57.09 30.03 0.07 0.29 0.0 0.0 Multi
12C 1300.608 17.3 259.2 U 14.6 0.96 457.29 30.01 0.0 0.0 0.0 0.0 Peak
12C 1300.608 17.3 259.2 SV 6.42 0.89 131.7 0.0 0.0 0.0 0.0 0.0 -
13A 1300.6155 138.2 198.7 V 0.13 0.14 0.0 0.0 0.0 0.0 0.0 0.0 "Slow Rise"
13A 1300.6155 138.2 198.7 B 0.16 0.16 0.0 0.0 0.0 0.0 0.0 0.0 Decay
13A 1300.6155 138.2 198.7 U 1.03 0.96 75.55 29.23 0.0 0.0 0.0 0.0 -
13A 1300.6155 138.2 198.7 SV 1.04 0.89 43.39 0.0 0.0 0.0 0.0 0.0 -
13B 1300.623434 28.9 308.1 V 0.2 0.14 9.27 29.66 1.5 -0.1 0.5 -0.9 Multi
13B 1300.623434 28.9 308.1 B 0.63 0.16 45.62 29.93 0.08 0.02 0.0 0.0 Peak
13B 1300.623434 28.9 308.1 U 5.68 0.96 449.64 30.01 0.0 0.0 0.0 0.0 -
13B 1300.623434 28.9 308.1 SV 2.22 0.89 95.26 0.0 0.0 0.0 0.0 0.0 -
14A 1300.638712 44.2 137.2 V 0.0 0.14 0.0 0.0 0.0 0.0 0.0 0.0 -
14A 1300.638712 44.2 137.2 B 0.0 0.16 0.0 0.0 0.0 0.0 0.0 0.0 -
14A 1300.638712 44.2 137.2 U 1.55 0.96 55.66 29.1 0.0 0.0 0.0 0.0 -
14A 1300.638712 44.2 137.2 SV 1.53 0.89 64.75 0.0 0.0 0.0 0.0 0.0 -
14B 1300.642601 26.0 160.0 V 0.4 0.14 0.0 0.0 0.0 0.0 0.0 0.0 Spike
14B 1300.642601 26.0 160.0 B 0.17 0.16 0.0 0.0 0.34 0.17 0.0 0.0 -
14B 1300.642601 26.0 160.0 U 2.3 0.96 60.23 29.13 0.0 0.0 0.0 0.0 -
14B 1300.642601 26.0 160.0 SV 0.77 0.89 0.0 0.0 0.0 0.0 0.0 0.0 -
15AP 1303.583363 31.4 548.0 V 0.04 0.04 1.68 28.91 0.0 0.8 0.0 -0.8 272CM
15AP 1303.583363 31.4 548.0 B 0.12 0.05 8.89 29.22 0.0 0.0 0.0 0.0 -
15AP 1303.583363 31.4 548.0 U 0.95 0.24 45.98 29.02 0.0 0.0 0.0 0.0 -
15AP 1303.583363 31.4 548.0 SV 0.2 0.2 11.51 0.0 0.0 0.0 0.0 0.0 -
15B 1303.593919 18.9 60.0 V 0.05 0.04 0.32 28.19 0.0 0.2 0.0 -1.0 272CM
15B 1303.593919 18.9 60.0 B 0.31 0.05 2.99 28.75 0.0 0.21 0.0 0.0 Spike
15B 1303.593919 18.9 60.0 U 3.03 0.24 22.99 28.72 0.0 0.0 0.0 0.0 -
15B 1303.593919 18.9 60.0 SV 0.54 0.2 6.59 0.0 0.0 0.0 0.0 0.0 -
15C 1303.599798 12.8 32.1 V 0.02 0.04 0.0 0.0 0.0 0.0 0.0 0.0 272CM
15C 1303.599798 12.8 32.1 B 0.07 0.05 0.37 27.84 0.0 0.12 0.0 0.0 Spike
15C 1303.599798 12.8 32.1 U 0.76 0.24 2.84 27.81 0.0 0.0 0.0 0.0 -
15C 1303.599798 12.8 32.1 SV 0.32 0.2 0.85 0.0 0.0 0.0 0.0 0.0 -
15D 1303.601974 45.3 24.0 V 0.03 0.04 0.5 28.39 0.0 0.0 0.0 0.0 272CM
15D 1303.601974 45.3 24.0 B 0.06 0.05 0.57 28.03 0.0 0.0 0.0 0.0 Complex
15D 1303.601974 45.3 24.0 U 0.41 0.24 7.89 28.35 0.0 0.0 0.0 0.0 -
15D 1303.601974 45.3 24.0 SV 0.24 0.2 3.66 0.0 0.0 0.0 0.0 0.0 -
16A 1305.569781 32.9 476.8 V 0.14 0.04 0.0 0.0 0.0 0.0 0.0 0.0 272CM
16A 1305.569781 32.9 476.8 B 0.06 0.05 0.0 0.0 0.0 0.0 0.0 0.0 -
16A 1305.569781 32.9 476.8 U 0.8 0.24 0.0 0.0 0.0 0.0 0.0 0.0 -
16A 1305.569781 32.9 476.8 SV 0.28 0.2 0.0 0.0 0.0 0.0 0.0 0.0 -
16B 1305.584457 39.5 116.0 V 0.06 0.04 0.34 28.22 0.0 0.0 0.0 0.0 272CM
16B 1305.584457 39.5 116.0 B 0.03 0.05 1.57 27.59 0.0 0.0 0.0 0.0 -
16B 1305.584457 39.5 116.0 U 0.25 0.28 11.04 28.4 0.0 0.0 0.0 0.0 -
16B 1305.584457 39.5 116.0 SV 0.13 0.21 1.5 0.0 0.0 0.0 0.0 0.0 -
17 1305.600476 15.2 10.7 V 0.02 0.04 0.0 0.0 0.0 0.0 0.0 0.0 272CM
17 1305.600476 15.2 10.7 B 0.13 0.05 1.04 28.29 0.0 0.18 0.0 0.0 -
17 1305.600476 15.2 10.7 U 0.95 0.26 9.2 29.32 0.0 0.0 0.0 0.0 -
17 1305.600476 15.2 10.7 SV 0.21 0.23 0.8 0.0 0.0 0.0 0.0 0.0 -
18 1321.570848 12.8 358.7 B 0.17 0.12 0.43 27.9 0.0 0.0 0.0 0.0 -
19 1321.580536 16.1 57.4 B 0.42 0.13 6.2 29.06 0.0 0.0 0.0 0.0 -
20A 1321.593983 14.9 130.0 B 1.22 0.16 14.03 29.42 0.0 0.0 0.0 0.0 Spike
20B 1321.597629 6.8 14.8 B 0.46 0.15 3.69 28.84 0.0 0.0 0.0 0.0 "Multi Peak"
21 1321.668205 104.1 77.3 V 0.18 0.17 0.0 0.0 0.0 0.0 0.0 0.0 Complex
21 1321.668205 104.1 77.3 B 0.32 0.25 0.0 0.0 0.0 0.0 0.0 0.0 -
21 1321.668205 104.1 77.3 U 5.76 2.43 262.0 29.77 0.0 0.0 0.0 0.0 -
21 1321.668205 104.1 77.3 SV 1.39 1.11 0.0 0.0 0.0 0.0 0.0 0.0 -
22 1322.560173 14.9 71.5 V 0.12 0.1 2.4 29.07 1.4 0.4 0.0 -0.4 "See Note1"
22 1322.560173 14.9 71.5 B 0.57 0.16 4.94 28.96 0.05 0.01 0.0 0.0 -
22 1322.560173 14.9 71.5 U 3.07 0.72 52.08 29.07 0.0 0.0 0.0 0.0 -
22 1322.560173 14.9 71.5 SV 1.38 0.79 22.57 0.0 0.0 0.0 0.0 0.0 -
23 1322.588136 33.4 87.6 V 0.14 0.12 1.2 28.77 1.7 0.7 0.9 -0.3 -
23 1322.588136 33.4 87.6 B 0.3 0.16 2.93 28.74 0.03 0.07 0.0 0.0 -
23 1322.588136 33.4 87.6 U 1.53 1.06 31.57 28.85 0.0 0.0 0.0 0.0 -
23 1322.588136 33.4 87.6 SV 0.79 0.87 10.2 0.0 0.0 0.0 0.0 0.0 -
24A 1322.624242 16.0 30.9 V 0.1 0.13 0.82 28.6 0.0 0.8 0.0 -0.2 Complex
24A 1322.624242 16.0 30.9 B 0.29 0.16 7.41 29.14 0.0 0.07 0.0 0.0 -
24A 1322.624242 16.0 30.9 U 1.33 0.69 37.98 28.93 0.0 0.0 0.0 0.0 -
24A 1322.624242 16.0 30.9 SV 0.9 1.19 21.38 0.0 0.0 0.0 0.0 0.0 -
24B 1322.624844 21.1 30.8 V 0.15 0.13 3.55 29.24 1.1 0.4 -0.6 0.0 Complex
24B 1322.624844 21.1 30.8 B 1.18 0.16 25.73 29.68 0.09 0.02 0.0 0.0 -
24B 1322.624844 21.1 30.8 U 4.38 0.69 122.77 29.44 0.0 0.0 0.0 0.0 -
24B 1322.624844 21.1 30.8 SV 3.38 1.19 75.74 0.0 0.0 0.0 0.0 0.0 -
24C 1322.625909 61.3 172.0 V 0.21 0.13 14.9 29.86 1.2 0.3 -0.2 -0.2 Complex
24C 1322.625909 61.3 172.0 B 1.17 0.16 93.39 30.24 0.05 0.05 0.0 0.0 -
24C 1322.625909 61.3 172.0 U 5.27 0.69 424.59 29.98 0.0 0.0 0.0 0.0 -
24C 1322.625909 61.3 172.0 SV 3.56 1.19 298.45 0.0 0.0 0.0 0.0 0.0 -
24D 1322.628084 15.9 44.6 V 0.13 0.13 2.22 29.03 0.0 0.2 0.0 -0.7 -
24D 1322.628084 15.9 44.6 B 0.45 0.16 15.35 29.46 0.0 0.3 0.0 0.0 -
24D 1322.628084 15.9 44.6 U 3.3 0.69 62.6 29.15 0.0 0.0 0.0 0.0 -
24D 1322.628084 15.9 44.6 SV 2.13 1.19 57.12 0.0 0.0 0.0 0.0 0.0 -
24E 1322.630353 13.2 30.0 V 0.06 0.13 0.41 28.3 0.0 0.8 0.0 -0.1 -
24E 1322.630353 13.2 30.0 B 0.25 0.16 7.0 29.11 0.0 0.07 0.0 0.0 -
24E 1322.630353 13.2 30.0 U 1.03 0.69 13.6 28.49 0.0 0.0 0.0 0.0 -
24E 1322.630353 13.2 30.0 SV 1.17 1.19 23.01 0.0 0.0 0.0 0.0 0.0 -
25 1322.647718 4.0 11.1 B 0.4 0.14 3.42 28.8 0.0 0.0 0.0 0.0 -
26 1559.919999 17.2 103.8 C 0.68 0.11 13.35 29.97 0.0 0.0 0.0 0.0 -
27 1559.93255 30.2 47.5 C 0.15 0.11 3.89 29.43 0.0 0.0 0.0 0.0 -
28 1559.937557 4.1 8.0 C 0.35 0.11 0.77 28.73 0.0 0.0 0.0 0.0 -
29 1559.944643 4.1 70.9 C 1.06 0.13 8.29 29.76 0.0 0.0 0.0 0.0 -
30 1559.957582 50.3 72.1 C 0.22 0.13 6.4 29.65 0.0 0.0 0.0 0.0 -
31 1560.885966 14.0 218.9 C 0.21 0.11 9.25 29.81 0.0 0.0 0.0 0.0 -
32 1560.897447 19.0 191.0 C 0.48 0.11 9.11 29.8 0.0 0.0 0.0 0.0 -
33 1560.935459 5.0 120.0 C 0.97 0.11 5.18 29.56 0.0 0.0 0.0 0.0 -
34 1600.748596 3.5 50.5 C 0.86 0.15 4.35 29.48 0.0 0.0 0.0 0.0 -
35 1600.790763 32.0 109.0 C 0.14 0.08 5.56 29.59 0.0 0.0 0.0 0.0 -
36A 1600.797916 2.0 22.0 C 0.27 0.08 2.13 29.17 0.0 0.0 0.0 0.0 -
36B 1600.799236 36.0 95.0 C 0.38 0.08 10.38 29.86 0.0 0.0 0.0 0.0 -
37 1600.857453 8.0 70.9 C 0.51 0.07 6.73 29.67 0.0 0.0 0.0 0.0 -
38 1600.86199 2.0 4.0 C 0.14 0.07 0.41 28.46 0.0 0.0 0.0 0.0 -
39 1600.866446 9.0 84.0 C 0.58 0.07 9.51 29.82 0.0 0.0 0.0 0.0 -
40 1600.877476 10.0 335.0 C 1.08 0.09 23.23 30.21 0.0 0.0 0.0 0.0 -
41 1600.892916 4.0 42.0 C 0.18 0.09 3.31 29.36 0.0 0.0 0.0 0.0 -
42 1601.67428 5.5 11.8 C 0.29 0.21 2.44 29.23 0.0 0.0 0.0 0.0 -
43 1601.681595 3.8 52.0 C 1.81 0.21 22.55 30.2 0.0 0.0 0.0 0.0 -
44 1601.701731 63.2 57.8 C 0.17 0.09 6.43 29.65 0.0 0.0 0.0 0.0 -
45 1601.713259 34.5 185.0 C 0.31 0.09 7.7 29.73 0.0 0.0 0.0 0.0 -
46 1601.758108 12.5 12.0 C 0.13 0.1 1.12 28.89 0.0 0.0 0.0 0.0 -
47 1601.764983 7.0 53.0 C 0.26 0.09 4.35 29.48 0.0 0.0 0.0 0.0 -
48 1601.772448 15.0 81.0 C 0.15 0.09 4.8 29.53 0.0 0.0 0.0 0.0 -
49 1601.791626 7.0 49.0 C 0.23 0.09 18.81 30.12 0.0 0.0 0.0 0.0 -
50 1601.802726 4.0 71.0 C 0.95 0.09 5.81 29.61 0.0 0.0 0.0 0.0 -
51A 1601.857818 63.0 500.0 C 0.73 0.09 90.1 30.8 0.0 0.0 0.0 0.0 -
51B 1601.865028 21.9 58.1 C 0.24 0.09 6.36 29.65 0.0 0.0 0.0 0.0 -
51C 1601.866568 144.1 394.0 C 0.47 0.09 59.64 30.62 0.0 0.0 0.0 0.0 -
52A 1601.875353 7.5 57.2 C 0.57 0.09 10.03 29.84 0.0 0.0 0.0 0.0 -
52B 1601.878952 39.1 125.1 C 0.22 0.09 9.2 29.81 0.0 0.0 0.0 0.0 -
53AP 1601.885654 60.8 133.0 C 0.21 0.09 13.1 29.96 0.0 0.0 0.0 0.0 -
53B 1601.887656 5.5 170.0 C 2.73 0.09 39.33 30.44 0.0 0.0 0.0 0.0 -
54A 1603.742235 32.7 195.7 C 0.52 0.19 29.81 30.18 0.0 0.0 0.0 0.0 -
54B 1603.747246 21.3 151.6 C 0.52 0.19 15.69 30.04 0.0 0.0 0.0 0.0 -
55 1603.818568 4.0 21.0 C 0.22 0.1 2.13 29.17 0.0 0.0 0.0 0.0 -
56 1603.839285 6.0 134.0 C 0.16 0.09 4.63 29.51 0.0 0.0 0.0 0.0 -
57AP 1603.85697 52.0 63.1 C 1.19 0.1 58.05 30.61 0.0 0.0 0.0 0.0 -
57B 1603.858105 35.0 725.3 C 2.91 0.1 306.59 30.33 0.0 0.0 0.0 0.0 -
58 1603.873706 6.5 267.3 C 1.37 0.1 25.25 30.25 0.0 0.0 0.0 0.0 -
59 1603.898022 6.5 343.7 C 0.42 0.11 24.37 30.23 0.0 0.0 0.0 0.0 -
60 1604.700006 26.4 172.3 C 0.21 0.09 4.86 29.53 0.0 0.0 0.0 0.0 -
61 1604.734311 0.0 0.0 C 0.0 0.0 0.0 0.0 0.0 0.0 0.0 0.0 -
62A 1604.771767 23.1 192.9 C 1.43 0.16 40.24 30.45 0.0 0.0 0.0 0.0 -
62B 1604.776767 21.3 20.1 C 0.4 0.16 5.8 29.61 0.0 0.0 0.0 0.0 -
63 1604.823257 65.0 928.2 U 3.39 0.75 451.0 30.01 0.0 0.0 0.0 0.0 -
64AP 1604.85938 205.6 229.8 U 8.15 0.7 607.0 30.14 0.0 0.0 0.0 0.0 -
64B 1604.868407 47.0 751.0 U 127.11 0.78 5068.99 31.06 0.0 0.0 0.0 0.0 0
64C 1604.892006 26.4 137.0 U 1.74 0.78 51.51 29.07 0.0 0.0 0.0 0.0 -
64D 1604.894148 47.0 307.9 U 1.37 0.78 119.26 29.43 0.0 0.0 0.0 0.0 -
70 1607.815279 10.1 104.0 V 0.05 0.17 0.0 0.0 0.0 0.0 0.0 0.0 -
70 1607.815279 10.1 104.0 B 0.46 0.16 2.62 28.69 0.0 0.0 0.0 0.0 -
70 1607.815279 10.1 104.0 U 3.26 0.52 50.97 29.06 0.0 0.0 0.0 0.0 -
70 1607.815279 10.1 104.0 C 0.29 0.1 4.03 29.45 0.0 0.0 0.0 0.0 -
71 1607.823841 3.5 177.9 C 0.52 0.18 14.69 30.01 0.0 0.0 0.0 0.0 -
