Data/yygeminorum.ecsv
# %ECSV 0.9
# ---
# datatype:
# - {name: Flare NO., datatype: string}
# - {name: HJD(MAX)_2440000., datatype: float64}
# - {name: Rise(S), datatype: float64}
# - {name: Decay(S), datatype: float64}
# - {name: Filter, datatype: string}
# - {name: I(max), datatype: float64}
# - {name: "I\u03C3/I", datatype: float64}
# - {name: E.D., datatype: float64}
# - {name: Log(A.E.), datatype: float64}
# - {name: Flare(B-V), datatype: float64}
# - {name: Star(U-B), datatype: float64}
# - {name: Flare Only(B-V), datatype: float64}
# - {name: Flare Only(U-B), datatype: float64}
# - {name: Notes, datatype: string}
# schema: astropy-2.0
"Flare NO." HJD(MAX)_2440000. Rise(S) Decay(S) Filter I(max) Iσ/I E.D. Log(A.E.) Flare(B-V) Star(U-B) "Flare Only(B-V)" "Flare Only(U-B)" Notes
S1 979.71595 40.0 430.0 U 0.26 0.0 0.0 0.0 0.0 0.0 0.0 0.0 5S
1 1255.9302 373.8 4107.4 V 0.23 0.04 323.44 33.77 1.2 -0.2 0.3 -1.0 "See note7"
1 1255.9302 373.8 4107.4 B 0.63 0.03 942.88 33.93 0.01 0.04 0.0 0.0 -
1 1255.9302 373.8 4107.4 U 4.37 0.12 7619.38 34.09 0.0 0.0 0.0 0.0 -
1 1255.9302 373.8 4107.4 3370A 7.32 0.72 12451.57 0.0 0.0 0.0 0.0 0.0 -
2 1259.979685 227.9 1396.1 V 0.25 0.03 176.58 33.5 1.1 -0.3 0.2 -1.0 "See Note3"
2 1259.979685 227.9 1396.1 B 0.73 0.03 537.85 33.71 0.02 0.01 0.0 0.0 -
2 1259.979685 227.9 1396.1 U 5.15 0.15 3763.62 33.78 0.0 0.0 0.0 0.0 -
2 1259.979685 227.9 1396.1 3370A 40.62 0.76 4762.51 0.0 0.0 0.0 0.0 0.0 -
3A 1264.983061 39.8 513.1 V 0.24 0.05 53.19 32.98 0.0 0.0 0.0 0.0 "Eclipse In"
3A 1264.983061 39.8 513.1 B 0.42 0.06 67.57 32.81 0.0 0.0 0.0 0.0 Progress
3A 1264.983061 39.8 513.1 U 1.83 0.18 170.78 32.44 0.0 0.0 0.0 0.0 -
3A 1264.983061 39.8 513.1 3370A 9.1 2.4 498.95 0.0 0.0 0.0 0.0 0.0 -
3B 1264.994774 12.0 304.0 V 0.27 0.05 16.26 32.47 0.0 0.0 0.0 0.0 "Eclipse In"
3B 1264.994774 12.0 304.0 B 0.17 0.06 23.55 32.35 0.0 0.0 0.0 0.0 Progress
3B 1264.994774 12.0 304.0 U 0.85 0.18 64.05 32.01 0.0 0.0 0.0 0.0 -
3B 1264.994774 12.0 304.0 3370A 4.07 2.4 73.84 0.0 0.0 0.0 0.0 0.0 -
4 1322.859982 102.1 616.0 V 0.06 0.04 11.49 32.32 1.4 0.5 0.4 -0.8 Complex
4 1322.859982 102.1 616.0 B 0.15 0.03 31.22 32.48 0.01 0.01 0.0 0.0 -
4 1322.859982 102.1 616.0 U 0.89 0.14 169.7 32.44 0.0 0.0 0.0 0.0 -
4 1322.859982 102.1 616.0 SV 0.3 0.11 56.96 0.0 0.0 0.0 0.0 0.0 -
5 1322.918536 89.5 1140.1 V 0.1 0.04 33.99 32.79 1.3 0.2 0.3 -1.0 Complex
5 1322.918536 89.5 1140.1 B 0.27 0.04 62.98 32.78 0.03 0.0 0.0 0.0 -
5 1322.918536 89.5 1140.1 U 1.8 0.13 409.45 32.82 0.0 0.0 0.0 0.0 -
5 1322.918536 89.5 1140.1 SV 0.55 0.11 68.36 0.0 0.0 0.0 0.0 0.0 -
S2 979.715295 40.0 430.0 U 0.26 0.0 0.0 0.0 0.0 0.0 0.0 0.0 5S
S3 979.815886 54.0 70.0 U 0.27 0.0 0.0 0.0 0.0 0.0 0.0 0.0 2S
S4 979.817323 36.0 794.0 U 0.38 0.0 0.0 0.0 0.0 0.0 0.0 0.0 2S
S5 979.818871 40.0 0.0 U 0.37 0.0 0.0 0.0 0.0 0.0 0.0 0.0 2S
S6 981.716266 80.0 0.0 U 0.19 0.0 0.0 0.0 0.0 0.0 0.0 0.0 5S
S7 981.71944 95.0 1245.0 U 0.08 0.0 0.0 0.0 0.0 0.0 0.0 0.0 5S
S8 981.725409 0.0 0.0 U 0.0 0.0 0.0 0.0 0.0 0.0 0.0 0.0 "5S Small"
S9 1025.67175 88.0 0.0 U 0.66 0.0 0.0 0.0 0.0 0.0 0.0 0.0 "2S 76CM"
S10 1026696492.0 450.0 3333.0 U 4.07 0.0 0.0 0.0 0.0 0.0 0.0 0.0 "15S 76CM"
S11 1034.634155 78.0 458.0 U 0.33 0.0 0.0 0.0 0.0 0.0 0.0 0.0 "2S 76CM"
S12 1034.673064 408.0 3192.0 U 1.94 0.0 0.0 0.0 0.0 0.0 0.0 0.0 "2S 76CM"
S13 1038.687065 104.0 0.0 B 0.21 0.0 0.0 0.0 0.0 0.0 0.0 0.0 "2S 76CM"
